1 3
1 4
1 5
1 6
1 3213
2 3
2 4
3 4
4 5
6 7
7 8
7 9
7 10
7 515
7 3212
8 38
9 38
10 38
10 44
11 12
11 13
11 14
11 15
11 16
11 17
11 18
11 19
11 24
11 25
11 26
11 27
11 28
11 29
11 30
11 66
11 67
11 68
11 69
11 70
11 71
11 72
11 73
11 82
11 83
11 84
11 85
11 86
11 87
11 88
11 101
11 137
11 138
11 139
11 140
11 141
11 142
11 143
12 13
12 14
12 15
12 16
12 20
12 21
12 22
12 23
12 31
12 32
12 33
12 34
12 35
12 36
12 37
12 74
12 75
12 76
12 77
12 78
12 79
12 80
12 89
12 90
12 91
12 92
12 93
12 94
12 95
12 96
12 101
12 144
12 145
12 146
12 147
12 148
12 149
12 150
12 151
17 83
18 85
19 87
20 89
21 91
22 93
23 95
24 83
25 83
26 85
27 85
28 87
29 87
30 89
31 89
32 91
33 91
34 93
35 93
36 95
37 95
38 43
39 40
39 41
39 42
39 43
39 44
39 97
39 98
39 243
39 244
39 245
39 248
39 249
39 250
39 251
39 252
39 253
39 254
39 255
39 256
39 257
39 258
39 3212
43 44
43 516
43 517
43 518
43 521
43 3212
44 46
44 47
44 48
44 49
44 50
44 51
44 52
44 53
44 54
44 55
44 56
44 57
44 58
44 59
44 60
44 65
44 82
44 83
44 84
44 85
44 86
44 87
44 88
44 89
44 90
44 91
44 92
44 93
44 94
44 95
44 96
44 100
44 107
44 108
44 109
44 110
44 111
44 112
44 113
44 114
44 115
44 116
44 117
44 118
44 119
44 120
44 121
44 3213
45 46
45 47
45 48
45 49
45 50
45 51
45 52
45 53
45 54
45 55
45 56
45 57
45 58
45 59
45 60
45 61
45 62
45 63
45 64
45 82
45 83
45 84
45 85
45 86
45 87
45 88
45 89
45 90
45 91
45 92
45 93
45 94
45 95
45 96
45 104
45 105
45 106
45 122
45 123
45 124
45 125
45 126
45 127
45 128
45 129
45 130
45 131
45 132
45 133
45 134
45 135
45 136
45 152
45 153
45 154
45 155
45 156
45 157
45 158
45 159
45 160
45 161
45 162
45 163
45 164
45 165
45 166
45 197
45 198
45 199
45 200
45 201
45 202
45 203
45 204
45 205
45 206
45 207
45 208
45 209
45 210
45 211
45 227
45 228
45 229
45 230
45 231
45 232
45 233
45 234
45 235
45 236
45 237
45 238
45 239
45 240
45 241
45 242
45 259
45 260
45 261
45 262
45 263
45 264
45 265
45 266
45 267
45 268
45 269
45 270
45 271
45 272
45 273
45 274
45 275
45 276
45 277
45 278
45 279
45 280
45 281
45 282
45 283
45 284
45 285
45 286
45 287
45 288
45 289
45 290
45 291
45 292
45 327
45 328
45 3213
46 82
46 3213
47 83
47 3213
48 84
48 3213
49 85
49 3213
50 86
50 3213
51 87
51 3213
52 88
52 3213
53 89
53 3213
54 90
54 3213
55 91
55 3213
56 92
56 3213
57 93
57 3213
58 94
58 3213
59 95
59 3213
60 96
60 3213
61 99
61 3126
61 3212
62 98
62 3176
62 3212
63 97
63 3098
63 3217
64 100
64 3122
64 3123
64 3212
65 81
65 99
65 3212
81 3212
82 107
82 122
82 137
82 152
82 167
82 182
82 3213
83 108
83 123
83 138
83 153
83 168
83 183
83 3213
84 109
84 124
84 139
84 154
84 169
84 184
84 3213
85 110
85 125
85 140
85 155
85 170
85 185
85 3213
86 111
86 126
86 141
86 156
86 171
86 186
86 3213
87 112
87 127
87 142
87 157
87 172
87 187
87 3213
88 113
88 128
88 143
88 158
88 173
88 188
88 3213
89 114
89 129
89 144
89 159
89 174
89 189
89 3213
90 115
90 130
90 145
90 160
90 175
90 190
90 3213
91 116
91 131
91 146
91 161
91 176
91 191
91 3213
92 117
92 132
92 147
92 162
92 177
92 192
92 3213
93 118
93 133
93 148
93 163
93 178
93 193
93 3213
94 119
94 134
94 149
94 164
94 179
94 194
94 3213
95 120
95 135
95 150
95 165
95 180
95 195
95 3213
96 121
96 136
96 151
96 166
96 181
96 196
96 3213
98 3212
99 3212
100 103
100 3212
101 102
101 511
101 512
103 3212
104 105
104 106
105 106
137 152
137 167
137 197
137 212
137 227
138 153
138 168
138 198
138 213
138 228
139 154
139 169
139 199
139 214
139 229
140 155
140 170
140 200
140 215
140 230
141 156
141 171
141 201
141 216
141 231
142 157
142 172
142 202
142 217
142 232
143 158
143 173
143 203
143 218
143 233
144 159
144 174
144 204
144 219
144 234
145 160
145 175
145 205
145 220
145 235
146 161
146 176
146 206
146 221
146 236
147 162
147 177
147 207
147 222
147 237
148 163
148 178
148 208
148 223
148 238
149 164
149 179
149 209
149 224
149 239
150 165
150 180
150 210
150 225
150 240
151 166
151 181
151 211
151 226
151 241
167 182
168 183
169 184
170 185
171 186
172 187
173 188
174 189
175 190
176 191
177 192
178 193
179 194
180 195
181 196
197 212
197 227
198 213
198 228
199 214
199 229
200 215
200 230
201 216
201 231
202 217
202 232
203 218
203 233
204 219
204 234
205 220
205 235
206 221
206 236
207 222
207 237
208 223
208 238
209 224
209 239
210 225
210 240
211 226
211 241
242 3213
243 244
243 3212
244 245
244 248
244 249
244 250
244 251
244 252
244 253
244 254
244 255
244 256
244 257
244 258
244 3212
244 3214
244 3217
245 246
245 248
245 249
245 250
245 251
245 252
245 253
245 254
245 255
245 256
245 257
245 258
245 3212
245 3213
246 247
246 248
246 249
246 250
246 251
246 252
246 253
246 254
246 255
246 256
246 257
246 258
246 3212
247 248
247 249
247 250
247 251
247 252
247 253
247 254
247 255
247 256
247 257
247 258
247 3212
259 293
259 327
260 294
260 327
261 295
261 327
262 296
262 327
263 297
263 327
264 298
264 327
265 299
265 327
266 300
266 327
267 301
267 328
268 302
268 328
269 303
269 328
270 304
270 328
271 305
271 328
272 306
272 328
273 307
273 328
274 308
274 328
275 309
275 328
276 310
276 328
277 311
277 328
278 312
278 328
279 313
279 328
280 314
280 328
281 315
281 328
282 316
282 328
283 317
283 328
284 318
284 327
285 319
285 327
286 320
286 327
287 321
287 327
288 322
288 327
289 323
289 327
290 324
290 327
291 325
291 327
292 326
292 327
293 327
294 327
295 327
296 327
297 327
298 327
299 327
300 327
301 328
302 328
303 328
304 328
305 328
306 328
307 328
308 328
309 328
310 328
311 328
312 328
313 328
314 328
315 328
316 328
317 328
318 327
319 327
320 327
321 327
322 327
323 327
324 327
325 327
326 327
327 328
327 329
327 330
327 331
327 332
327 333
327 334
327 335
327 336
327 337
327 338
327 339
327 340
327 341
327 342
327 343
327 344
327 345
327 346
327 347
327 348
327 349
327 350
327 351
327 352
327 353
327 354
327 355
327 356
327 357
327 358
327 361
327 362
327 363
327 364
327 365
327 366
327 367
327 369
327 370
327 371
327 374
327 375
327 377
327 378
327 379
327 380
327 382
327 383
327 384
327 387
327 407
327 408
327 409
327 410
327 411
327 412
327 417
327 437
327 438
327 439
327 440
327 441
327 442
327 451
327 452
327 453
327 454
327 455
327 456
327 463
327 464
327 465
327 466
327 467
327 468
327 475
327 476
327 477
327 478
327 479
327 480
327 487
327 488
327 489
327 490
327 491
327 492
327 499
327 500
327 501
327 502
327 503
327 504
327 505
327 508
327 509
327 510
327 512
327 2402
327 2467
327 2468
327 2469
327 2470
327 2471
327 2472
327 2498
327 2499
327 2500
327 2501
327 2502
327 2503
327 2504
327 2505
327 2506
327 2507
327 2508
327 2509
327 2510
327 2537
327 2538
327 2539
327 2540
327 2541
327 2542
327 2543
327 2544
327 2545
327 2546
327 2547
327 2548
327 2549
327 3214
328 329
328 330
328 331
328 332
328 333
328 334
328 335
328 336
328 337
328 338
328 339
328 340
328 341
328 342
328 343
328 344
328 345
328 346
328 347
328 348
328 349
328 350
328 351
328 352
328 353
328 354
328 355
328 356
328 357
328 358
328 359
328 360
328 363
328 364
328 366
328 367
328 368
328 370
328 371
328 372
328 373
328 376
328 377
328 379
328 380
328 381
328 383
328 384
328 385
328 401
328 402
328 403
328 404
328 405
328 406
328 415
328 431
328 432
328 433
328 434
328 435
328 436
328 445
328 446
328 447
328 448
328 449
328 450
328 457
328 458
328 459
328 460
328 461
328 462
328 469
328 470
328 471
328 472
328 473
328 474
328 481
328 482
328 483
328 484
328 485
328 486
328 493
328 494
328 495
328 496
328 497
328 498
328 506
328 507
328 510
328 511
328 2402
328 2461
328 2462
328 2463
328 2464
328 2465
328 2466
328 2511
328 2512
328 2513
328 2514
328 2515
328 2516
328 2517
328 2518
328 2519
328 2520
328 2521
328 2522
328 2523
328 2524
328 2525
328 2526
328 2527
328 2528
328 2529
328 2530
328 2531
328 2532
328 2533
328 2534
328 2535
328 2536
328 3117
328 3121
328 3138
328 3139
328 3140
328 3214
329 332
330 333
331 334
335 339
336 340
337 341
338 342
343 346
344 347
345 348
349 353
350 354
351 355
352 356
357 359
357 361
358 360
358 362
359 361
360 362
363 364
363 365
363 366
364 366
365 366
367 368
367 369
368 369
370 372
370 374
371 373
371 375
372 374
373 375
376 377
376 378
376 379
377 379
378 379
380 381
380 382
381 382
383 385
383 387
383 406
383 407
383 415
383 417
383 436
383 437
383 450
383 451
383 462
383 463
383 474
383 475
383 486
383 487
383 498
383 499
384 385
384 387
384 401
384 412
384 415
384 417
384 431
384 442
384 445
384 456
384 457
384 468
384 469
384 480
384 481
384 492
384 493
384 504
385 386
385 387
385 3214
386 388
386 389
386 390
386 391
386 392
386 393
386 394
386 401
386 402
386 403
386 404
386 405
386 406
386 520
386 3214
387 388
387 3214
388 395
388 396
388 397
388 398
388 399
388 400
388 407
388 408
388 409
388 410
388 411
388 412
388 520
388 3214
389 401
389 413
390 402
390 413
391 403
391 413
392 404
392 413
393 405
393 413
394 406
394 413
395 407
395 414
396 408
396 414
397 409
397 414
398 410
398 414
399 411
399 414
400 412
400 414
401 402
401 412
401 413
401 3214
402 403
402 413
402 3214
403 404
403 413
403 3214
404 405
404 413
404 3214
405 406
405 413
405 3214
406 407
406 413
406 3214
407 408
407 414
407 3214
408 409
408 414
408 3214
409 410
409 414
409 3214
410 411
410 414
410 3214
411 412
411 414
411 3214
412 414
412 3214
413 415
413 3214
414 417
414 3214
415 416
415 417
415 3214
416 418
416 419
416 420
416 421
416 422
416 423
416 424
416 431
416 432
416 433
416 434
416 435
416 436
416 823
416 3214
417 418
417 3214
418 425
418 426
418 427
418 428
418 429
418 430
418 437
418 438
418 439
418 440
418 441
418 442
418 823
418 3214
419 431
419 443
420 432
420 443
421 433
421 443
422 434
422 443
423 435
423 443
424 436
424 443
425 437
425 444
426 438
426 444
427 439
427 444
428 440
428 444
429 441
429 444
430 442
430 444
431 432
431 442
431 443
431 3214
432 433
432 443
432 3214
433 434
433 443
433 3214
434 435
434 443
434 3214
435 436
435 443
435 3214
436 437
436 443
436 3214
437 438
437 444
437 3214
438 439
438 444
438 3214
439 440
439 444
439 3214
440 441
440 444
440 3214
441 442
441 444
441 3214
442 444
442 3214
443 3214
444 3214
445 446
445 456
445 3214
446 447
446 3214
447 448
447 3214
448 449
448 3214
449 450
449 3214
450 451
450 3214
451 452
451 3214
452 453
452 3214
453 454
453 3214
454 455
454 3214
455 456
455 3214
456 3214
457 458
457 468
457 3214
458 459
458 3214
459 460
459 3214
460 461
460 3214
461 462
461 3214
462 463
462 3214
463 464
463 3214
464 465
464 3214
465 466
465 3214
466 467
466 3214
467 468
467 3214
468 3214
469 470
469 480
469 3214
470 471
470 3214
471 472
471 3214
472 473
472 3214
473 474
473 3214
474 475
474 3214
475 476
475 3214
476 477
476 3214
477 478
477 3214
478 479
478 3214
479 480
479 3214
480 3214
481 482
481 492
481 3214
482 483
482 3214
483 484
483 3214
484 485
484 3214
485 486
485 3214
486 487
486 3214
487 488
487 3214
488 489
488 3214
489 490
489 3214
490 491
490 3214
491 492
491 3214
492 3214
493 494
493 504
493 3214
494 495
494 3214
495 496
495 3214
496 497
496 3214
497 498
497 3214
498 499
498 3214
499 500
499 3214
500 501
500 3214
501 502
501 3214
502 503
502 3214
503 504
503 3214
504 3214
506 510
506 3214
507 510
507 3214
508 510
508 513
508 3214
509 510
509 514
509 3214
510 3214
513 3214
514 3214
515 516
516 517
518 519
518 521
518 3212
518 3214
519 520
519 521
519 3212
520 521
520 3214
521 522
521 523
521 524
521 525
521 526
521 527
521 528
521 529
521 530
521 531
521 532
521 533
521 534
521 535
521 536
521 537
521 538
521 539
521 540
521 541
521 542
521 543
521 544
521 545
521 546
521 547
521 548
521 549
521 550
521 551
521 552
521 553
521 554
521 555
521 556
521 557
521 558
521 559
521 560
521 561
521 562
521 563
521 564
521 565
521 566
521 567
521 568
521 569
521 570
521 571
521 572
521 573
521 574
521 575
521 576
521 577
521 578
521 579
521 580
521 581
521 582
521 583
521 584
521 585
521 586
521 587
521 588
521 589
521 590
521 591
521 592
521 593
521 594
521 595
521 596
521 597
521 598
521 599
521 600
521 601
521 602
521 603
521 604
521 605
521 606
521 607
521 608
521 609
521 610
521 611
521 612
521 613
521 614
521 615
521 616
521 617
521 618
521 619
521 620
521 621
521 622
521 623
521 624
521 625
521 626
521 627
521 628
521 629
521 630
521 631
521 632
521 633
521 634
521 635
521 636
521 637
521 638
521 639
521 640
521 641
521 642
521 643
521 644
521 645
521 646
521 647
521 648
521 649
521 650
521 651
521 652
521 653
521 654
521 655
521 656
521 657
521 658
521 659
521 660
521 661
521 662
521 663
521 664
521 665
521 666
521 667
521 668
521 669
521 670
521 671
521 672
521 673
521 674
521 675
521 676
521 677
521 678
521 679
521 680
521 681
521 682
521 683
521 684
521 685
521 686
521 687
521 688
521 689
521 690
521 691
521 692
521 693
521 694
521 695
521 696
521 697
521 698
521 699
521 700
521 701
521 702
521 3214
522 553
522 584
522 615
523 554
523 585
523 616
524 555
524 586
524 617
525 556
525 587
525 618
526 557
526 588
526 619
527 558
527 589
527 620
528 559
528 590
528 621
529 560
529 591
529 622
530 561
530 592
530 623
531 562
531 593
531 624
532 563
532 594
532 625
533 564
533 595
533 626
534 565
534 596
534 627
535 566
535 597
535 628
536 567
536 598
536 629
537 568
537 599
537 630
538 569
538 600
538 631
539 570
539 601
539 632
540 571
540 602
540 633
541 572
541 603
541 634
542 573
542 604
542 635
543 574
543 605
543 636
544 575
544 606
544 637
545 576
545 607
545 638
546 577
546 608
546 639
547 578
547 609
547 640
548 579
548 610
548 641
549 580
549 611
549 642
550 581
550 612
550 643
551 582
551 613
551 644
552 583
552 614
552 645
553 584
553 3214
554 585
554 3214
555 586
555 3214
556 587
556 3214
557 588
557 3214
558 589
558 3214
559 590
559 3214
560 591
560 3214
561 592
561 3214
562 593
562 3214
563 594
563 3214
564 595
564 3214
565 596
565 3214
566 597
566 3214
567 598
567 3214
568 599
568 3214
569 600
569 3214
570 601
570 3214
571 602
571 3214
572 603
572 3214
573 604
573 3214
574 605
574 3214
575 606
575 3214
576 607
576 3214
577 608
577 3214
578 609
578 3214
579 610
579 3214
580 611
580 3214
581 612
581 3214
582 613
582 3214
583 614
583 3214
584 3214
585 3214
586 3214
587 3214
588 3214
589 3214
590 3214
591 3214
592 3214
593 3214
594 3214
595 3214
596 3214
597 3214
598 3214
599 3214
600 3214
601 3214
602 3214
603 3214
604 3214
605 3214
606 3214
607 3214
608 3214
609 3214
610 3214
611 3214
612 3214
613 3214
614 3214
646 674
647 675
648 676
649 677
650 678
651 679
652 680
653 681
654 682
655 683
656 684
657 685
658 686
659 687
660 688
661 689
662 690
663 691
664 692
665 693
666 694
667 695
668 696
669 697
670 698
671 699
672 700
673 701
674 702
674 824
674 825
675 702
675 824
675 826
676 702
676 824
676 827
677 702
677 824
677 828
678 702
678 824
678 829
679 702
679 824
679 830
680 702
680 824
680 831
681 702
681 824
681 832
682 702
682 824
682 833
683 702
683 824
683 834
684 702
684 824
684 835
685 702
685 824
685 836
686 702
686 824
686 837
687 702
687 824
687 838
688 702
688 824
688 839
689 702
689 824
689 840
690 702
690 824
690 841
691 702
691 824
691 842
692 702
692 824
692 843
693 702
693 824
693 844
694 702
694 824
694 845
695 702
695 824
695 846
696 702
696 824
696 847
697 702
697 824
697 848
698 702
698 824
698 849
699 702
699 824
699 850
700 702
700 824
700 851
701 702
701 824
701 852
702 703
702 704
702 705
702 706
702 707
702 708
702 709
702 710
702 711
702 712
702 713
702 714
702 715
702 716
702 717
702 718
702 719
702 720
702 721
702 722
702 723
702 724
702 725
702 726
702 727
702 728
702 729
702 730
702 731
702 732
702 733
702 734
702 735
702 736
702 737
702 738
702 739
702 740
702 741
702 742
702 743
702 744
702 745
702 746
702 747
702 748
702 749
702 750
702 751
702 752
702 753
702 754
702 755
702 756
702 757
702 758
702 759
702 760
702 761
702 762
702 763
702 764
702 765
702 766
702 767
702 768
702 769
702 770
702 771
702 772
702 773
702 774
702 775
702 776
702 777
702 778
702 779
702 780
702 781
702 782
702 783
702 784
702 785
702 786
702 787
702 788
702 789
702 790
702 791
702 792
702 793
702 794
702 795
702 796
702 797
702 798
702 799
702 800
702 801
702 802
702 803
702 804
702 805
702 806
702 807
702 808
702 809
702 810
702 811
702 812
702 813
702 814
702 815
702 816
702 817
702 818
702 819
702 820
702 821
702 822
702 3214
703 763
703 3214
704 764
704 3214
705 765
705 3214
706 766
706 3214
707 767
707 3214
708 768
708 3214
709 769
709 3214
710 770
710 3214
711 771
711 3214
712 772
712 3214
713 773
713 3214
714 774
714 3214
715 775
715 3214
716 776
716 3214
717 777
717 3214
718 778
718 3214
719 779
719 3214
720 780
720 3214
721 781
721 3214
722 782
722 3214
723 783
723 3214
724 784
724 3214
725 785
725 3214
726 786
726 3214
727 787
727 3214
728 788
728 3214
729 789
729 3214
730 790
730 3214
731 791
731 3214
732 792
732 3214
733 793
733 3214
734 794
734 3214
735 795
735 3214
736 796
736 3214
737 797
737 3214
738 798
738 3214
739 799
739 3214
740 800
740 3214
741 801
741 3214
742 802
742 3214
743 803
743 3214
744 804
744 3214
745 805
745 3214
746 806
746 3214
747 807
747 3214
748 808
748 3214
749 809
749 3214
750 810
750 3214
751 811
751 3214
752 812
752 3214
753 813
753 3214
754 814
754 3214
755 815
755 3214
756 816
756 3214
757 817
757 3214
758 818
758 3214
759 819
759 3214
760 820
760 3214
761 821
761 3214
762 822
762 3214
763 824
763 3214
764 824
764 3214
765 824
765 3214
766 824
766 3214
767 824
767 3214
768 824
768 3214
769 824
769 3214
770 824
770 3214
771 824
771 3214
772 824
772 3214
773 824
773 3214
774 824
774 3214
775 824
775 3214
776 824
776 3214
777 824
777 3214
778 824
778 3214
779 824
779 3214
780 824
780 3214
781 824
781 3214
782 824
782 3214
783 824
783 3214
784 824
784 3214
785 824
785 3214
786 824
786 3214
787 824
787 3214
788 824
788 3214
789 824
789 3214
790 824
790 3214
791 824
791 3214
792 824
792 3214
793 824
793 3214
794 824
794 3214
795 824
795 3214
796 824
796 3214
797 824
797 3214
798 824
798 3214
799 824
799 3214
800 824
800 3214
801 824
801 3214
802 824
802 3214
803 824
803 3214
804 824
804 3214
805 824
805 3214
806 824
806 3214
807 824
807 3214
808 824
808 3214
809 824
809 3214
810 824
810 3214
811 824
811 3214
812 824
812 3214
813 824
813 3214
814 824
814 3214
815 824
815 3214
816 824
816 3214
817 824
817 3214
818 824
818 3214
819 824
819 3214
820 824
820 3214
821 824
821 3214
822 824
822 3214
823 824
823 3214
824 825
824 826
824 827
824 828
824 829
824 830
824 831
824 832
824 833
824 834
824 835
824 836
824 837
824 838
824 839
824 840
824 841
824 842
824 843
824 844
824 845
824 846
824 847
824 848
824 849
824 850
824 851
824 852
824 853
824 854
824 855
824 856
824 857
824 858
824 859
824 860
824 861
824 862
824 863
824 864
824 865
824 866
824 867
824 868
824 869
824 870
824 871
824 872
824 873
824 874
824 875
824 876
824 877
824 878
824 879
824 880
824 881
824 882
824 883
824 884
824 885
824 886
824 887
824 888
824 889
824 890
824 891
824 892
824 893
824 894
824 895
824 896
824 897
824 898
824 899
824 900
824 901
824 902
824 903
824 904
824 905
824 906
824 907
824 908
824 909
824 910
824 911
824 912
824 913
824 914
824 915
824 916
824 917
824 3214
853 885
854 886
855 887
856 888
857 889
858 890
859 891
860 892
861 893
862 894
863 895
864 896
865 897
866 898
867 899
868 900
869 901
870 902
871 903
872 904
873 905
874 906
875 907
876 908
877 909
878 910
879 911
880 912
881 913
882 914
883 915
884 916
885 917
885 1005
885 1006
886 917
886 1005
886 1007
887 917
887 1005
887 1008
888 917
888 1005
888 1009
889 917
889 1005
889 1010
890 917
890 1005
890 1011
891 917
891 1005
891 1012
892 917
892 1005
892 1013
893 917
893 1005
893 1014
894 917
894 1005
894 1015
895 917
895 1005
895 1016
896 917
896 1005
896 1017
897 917
897 1005
897 1018
898 917
898 1005
898 1019
899 917
899 1005
899 1020
900 917
900 1005
900 1021
901 917
901 1005
901 1022
902 917
902 1005
902 1023
903 917
903 1005
903 1024
904 917
904 1005
904 1025
905 917
905 1005
905 1026
906 917
906 1005
906 1027
907 917
907 1005
907 1028
908 917
908 1005
908 1029
909 917
909 1005
909 1030
910 917
910 1005
910 1031
911 917
911 1005
911 1032
912 917
912 1005
912 1033
913 917
913 1005
913 1034
914 917
914 1005
914 1035
915 917
915 1005
915 1036
916 917
916 1005
916 1037
917 918
917 919
917 920
917 921
917 922
917 923
917 924
917 925
917 926
917 927
917 928
917 929
917 930
917 931
917 932
917 933
917 934
917 935
917 936
917 937
917 938
917 939
917 940
917 941
917 942
917 943
917 944
917 945
917 946
917 947
917 948
917 949
917 950
917 951
917 952
917 953
917 954
917 955
917 956
917 957
917 958
917 959
917 960
917 961
917 962
917 963
917 964
917 965
917 966
917 967
917 968
917 969
917 970
917 971
917 972
917 973
917 974
917 975
917 976
917 977
917 978
917 979
917 980
917 981
917 982
917 983
917 984
917 985
917 986
917 987
917 988
917 989
917 990
917 991
917 992
917 993
917 994
917 995
917 996
917 997
917 998
917 999
917 1000
917 1001
917 1002
917 1003
917 1004
917 1005
917 3214
918 1005
918 3214
919 1005
919 3214
920 1005
920 3214
921 1005
921 3214
922 1005
922 3214
923 1005
923 3214
924 1005
924 3214
925 1005
925 3214
926 1005
926 3214
927 1005
927 3214
928 1005
928 3214
929 1005
929 3214
930 1005
930 3214
931 1005
931 3214
932 1005
932 3214
933 1005
933 3214
934 1005
934 3214
935 1005
935 3214
936 1005
936 3214
937 1005
937 3214
938 1005
938 3214
939 1005
939 3214
940 1005
940 3214
941 1005
941 3214
942 1005
942 3214
943 1005
943 3214
944 1005
944 3214
945 1005
945 3214
946 1005
946 3214
947 1005
947 3214
948 1005
948 3214
949 1005
949 3214
950 1005
950 3214
951 1005
951 3214
952 1005
952 3214
953 1005
953 3214
954 1005
954 3214
955 1005
955 3214
956 1005
956 3214
957 1005
957 3214
958 1005
958 3214
959 1005
959 3214
960 1005
960 3214
961 1005
961 3214
962 1005
962 3214
963 1005
963 3214
964 1005
964 3214
965 1005
965 3214
966 1005
966 3214
967 1005
967 3214
968 1005
968 3214
969 1005
969 3214
970 1005
970 3214
971 1005
971 3214
972 1005
972 3214
973 1005
973 3214
974 1005
974 3214
975 1005
975 3214
976 1005
976 3214
977 1005
977 3214
978 1005
978 3214
979 1005
979 3214
980 1005
980 3214
981 1005
981 3214
982 1005
982 3214
983 1005
983 3214
984 1005
984 3214
985 1005
985 3214
986 1005
986 3214
987 1005
987 3214
988 1005
988 3214
989 1005
989 3214
990 1005
990 3214
991 1005
991 3214
992 1005
992 3214
993 1005
993 3214
994 1005
994 3214
995 1005
995 3214
996 1005
996 3214
997 1005
997 3214
998 1005
998 3214
999 1005
999 3214
1000 1005
1000 3214
1001 1005
1001 3214
1002 1005
1002 3214
1003 1005
1003 3214
1004 1005
1004 3214
1005 1006
1005 1007
1005 1008
1005 1009
1005 1010
1005 1011
1005 1012
1005 1013
1005 1014
1005 1015
1005 1016
1005 1017
1005 1018
1005 1019
1005 1020
1005 1021
1005 1022
1005 1023
1005 1024
1005 1025
1005 1026
1005 1027
1005 1028
1005 1029
1005 1030
1005 1031
1005 1032
1005 1033
1005 1034
1005 1035
1005 1036
1005 1037
1005 1044
1005 1045
1005 1046
1005 1047
1005 1048
1005 1049
1005 1050
1005 1051
1005 1052
1005 1053
1005 1054
1005 1055
1005 1056
1005 1057
1005 1058
1005 1059
1005 1060
1005 1061
1005 1062
1005 1063
1005 1064
1005 1065
1005 1066
1005 1067
1005 1068
1005 1069
1005 1070
1005 1071
1005 1072
1005 1073
1005 1074
1005 1075
1005 1076
1005 1077
1005 1078
1005 1079
1005 1080
1005 1081
1005 1103
1005 1104
1005 1105
1005 1106
1005 1107
1005 1108
1005 1109
1005 1110
1005 1111
1005 1112
1005 1113
1005 1114
1005 1115
1005 1116
1005 1117
1005 1118
1005 1119
1005 1120
1005 1121
1005 1122
1005 1123
1005 1124
1005 1125
1005 1126
1005 1127
1005 1128
1005 1129
1005 1130
1005 1131
1005 1132
1005 1133
1005 1134
1005 1135
1005 1136
1005 1137
1005 1138
1005 1139
1005 1140
1005 1141
1005 1142
1005 1143
1005 1144
1005 1145
1005 1146
1005 1147
1005 1148
1005 1149
1005 1150
1005 1151
1005 1152
1005 1153
1005 1154
1005 1155
1005 1156
1005 1157
1005 1158
1005 1159
1005 1160
1005 1161
1005 1162
1005 1163
1005 1164
1005 1165
1005 1166
1005 1167
1005 1168
1005 1169
1005 1170
1005 1171
1005 1172
1005 1173
1005 1174
1005 1175
1005 1176
1005 1177
1005 1178
1005 1179
1005 1180
1005 1181
1005 1182
1005 3214
1038 1040
1038 1041
1039 1041
1040 1041
1041 1042
1041 1043
1041 3214
1042 1044
1043 1045
1044 1082
1044 1102
1044 1183
1045 1083
1045 1102
1045 1183
1046 1064
1046 1084
1046 1102
1046 1183
1047 1065
1047 1085
1047 1102
1047 1183
1048 1066
1048 1086
1048 1102
1048 1183
1049 1067
1049 1087
1049 1102
1049 1183
1050 1068
1050 1088
1050 1102
1050 1183
1051 1069
1051 1089
1051 1102
1051 1183
1052 1070
1052 1090
1052 1102
1052 1183
1053 1071
1053 1091
1053 1102
1053 1183
1054 1072
1054 1092
1054 1102
1054 1183
1055 1073
1055 1093
1055 1102
1055 1183
1056 1074
1056 1094
1056 1102
1056 1183
1057 1075
1057 1095
1057 1102
1057 1183
1058 1076
1058 1096
1058 1102
1058 1183
1059 1077
1059 1097
1059 1102
1059 1183
1060 1078
1060 1098
1060 1102
1060 1183
1061 1079
1061 1099
1061 1102
1061 1183
1062 1080
1062 1100
1062 1102
1062 1183
1063 1081
1063 1101
1063 1102
1063 1183
1082 1102
1083 1102
1084 1102
1085 1102
1086 1102
1087 1102
1088 1102
1089 1102
1090 1102
1091 1102
1092 1102
1093 1102
1094 1102
1095 1102
1096 1102
1097 1102
1098 1102
1099 1102
1100 1102
1101 1102
1102 1183
1102 1290
1102 2343
1102 2344
1102 2345
1102 2348
1102 2386
1102 2387
1102 3211
1102 3217
1103 1143
1104 1144
1105 1145
1106 1146
1107 1147
1108 1148
1109 1149
1110 1150
1111 1151
1112 1152
1113 1153
1114 1154
1115 1155
1116 1156
1117 1157
1118 1158
1119 1159
1120 1160
1121 1161
1122 1162
1123 1163
1124 1164
1125 1165
1126 1166
1127 1167
1128 1168
1129 1169
1130 1170
1131 1171
1132 1172
1133 1173
1134 1174
1135 1175
1136 1176
1137 1177
1138 1178
1139 1179
1140 1180
1141 1181
1142 1182
1143 1183
1143 1291
1143 1292
1144 1183
1144 1291
1144 1293
1145 1183
1145 1291
1145 1294
1146 1183
1146 1291
1146 1295
1147 1183
1147 1291
1147 1296
1148 1183
1148 1291
1148 1297
1149 1183
1149 1291
1149 1298
1150 1183
1150 1291
1150 1299
1151 1183
1151 1291
1151 1300
1152 1183
1152 1291
1152 1301
1153 1183
1153 1291
1153 1302
1154 1183
1154 1291
1154 1303
1155 1183
1155 1291
1155 1304
1156 1183
1156 1291
1156 1305
1157 1183
1157 1291
1157 1306
1158 1183
1158 1291
1158 1307
1159 1183
1159 1291
1159 1308
1160 1183
1160 1291
1160 1309
1161 1183
1161 1291
1161 1310
1162 1183
1162 1291
1162 1311
1163 1183
1163 1291
1163 1312
1164 1183
1164 1291
1164 1313
1165 1183
1165 1291
1165 1314
1166 1183
1166 1291
1166 1315
1167 1183
1167 1291
1167 1316
1168 1183
1168 1291
1168 1317
1169 1183
1169 1291
1169 1318
1170 1183
1170 1291
1170 1319
1171 1183
1171 1291
1171 1320
1172 1183
1172 1291
1172 1321
1173 1183
1173 1291
1173 1322
1174 1183
1174 1291
1174 1323
1175 1183
1175 1291
1175 1324
1176 1183
1176 1291
1176 1325
1177 1183
1177 1291
1177 1326
1178 1183
1178 1291
1178 1327
1179 1183
1179 1291
1179 1328
1180 1183
1180 1291
1180 1329
1181 1183
1181 1291
1181 1330
1182 1183
1182 1291
1182 1331
1183 1184
1183 1185
1183 1186
1183 1187
1183 1188
1183 1189
1183 1190
1183 1191
1183 1192
1183 1193
1183 1194
1183 1195
1183 1196
1183 1197
1183 1198
1183 1199
1183 1200
1183 1201
1183 1202
1183 1203
1183 1204
1183 1205
1183 1206
1183 1207
1183 1208
1183 1209
1183 1210
1183 1211
1183 1212
1183 1213
1183 1214
1183 1215
1183 1216
1183 1217
1183 1218
1183 1219
1183 1220
1183 1221
1183 1222
1183 1223
1183 1224
1183 1225
1183 1226
1183 1227
1183 1228
1183 1229
1183 1230
1183 1231
1183 1232
1183 1233
1183 1234
1183 1235
1183 1236
1183 1237
1183 1238
1183 1239
1183 1240
1183 1241
1183 1242
1183 1243
1183 1244
1183 1245
1183 1246
1183 1247
1183 1248
1183 1249
1183 1250
1183 1251
1183 1252
1183 1253
1183 1254
1183 1255
1183 1256
1183 1257
1183 1258
1183 1259
1183 1260
1183 1261
1183 1262
1183 1263
1183 1264
1183 1265
1183 1266
1183 1267
1183 1268
1183 1269
1183 1270
1183 1271
1183 1272
1183 1273
1183 1274
1183 1275
1183 1276
1183 1277
1183 1278
1183 1279
1183 1280
1183 1281
1183 1282
1183 1283
1183 1284
1183 1285
1183 1286
1183 1287
1183 1288
1183 1289
1183 1291
1183 3214
1184 1291
1184 3214
1185 1291
1185 3214
1186 1291
1186 3214
1187 1291
1187 3214
1188 1291
1188 3214
1189 1291
1189 3214
1190 1291
1190 3214
1191 1291
1191 3214
1192 1291
1192 3214
1193 1291
1193 3214
1194 1291
1194 3214
1195 1291
1195 3214
1196 1291
1196 3214
1197 1291
1197 3214
1198 1291
1198 3214
1199 1291
1199 3214
1200 1291
1200 3214
1201 1291
1201 3214
1202 1291
1202 3214
1203 1291
1203 3214
1204 1291
1204 3214
1205 1291
1205 3214
1206 1291
1206 3214
1207 1291
1207 3214
1208 1291
1208 3214
1209 1291
1209 3214
1210 1291
1210 3214
1211 1291
1211 3214
1212 1291
1212 3214
1213 1291
1213 3214
1214 1291
1214 3214
1215 1291
1215 3214
1216 1291
1216 3214
1217 1291
1217 3214
1218 1291
1218 3214
1219 1291
1219 3214
1220 1291
1220 3214
1221 1291
1221 3214
1222 1291
1222 3214
1223 1291
1223 3214
1224 1291
1224 3214
1225 1291
1225 3214
1226 1291
1226 3214
1227 1291
1227 3214
1228 1291
1228 3214
1229 1291
1229 3214
1230 1291
1230 3214
1231 1291
1231 3214
1232 1291
1232 3214
1233 1291
1233 3214
1234 1291
1234 3214
1235 1291
1235 3214
1236 1291
1236 3214
1237 1291
1237 3214
1238 1291
1238 3214
1239 1291
1239 3214
1240 1291
1240 3214
1241 1291
1241 3214
1242 1291
1242 3214
1243 1291
1243 3214
1244 1291
1244 3214
1245 1291
1245 3214
1246 1291
1246 3214
1247 1291
1247 3214
1248 1291
1248 3214
1249 1291
1249 3214
1250 1291
1250 3214
1251 1291
1251 3214
1252 1291
1252 3214
1253 1291
1253 3214
1254 1291
1254 3214
1255 1291
1255 3214
1256 1291
1256 3214
1257 1291
1257 3214
1258 1291
1258 3214
1259 1291
1259 3214
1260 1291
1260 3214
1261 1291
1261 3214
1262 1291
1262 3214
1263 1291
1263 3214
1264 1291
1264 3214
1265 1291
1265 3214
1266 1291
1266 3214
1267 1291
1267 3214
1268 1291
1268 3214
1269 1291
1269 3214
1270 1291
1270 3214
1271 1291
1271 3214
1272 1291
1272 3214
1273 1291
1273 3214
1274 1291
1274 3214
1275 1291
1275 3214
1276 1291
1276 3214
1277 1291
1277 3214
1278 1291
1278 3214
1279 1291
1279 3214
1280 1291
1280 3214
1281 1291
1281 3214
1282 1291
1282 3214
1283 1291
1283 3214
1284 1291
1284 3214
1285 1291
1285 3214
1286 1291
1286 3214
1287 1291
1287 3214
1288 1291
1288 3214
1289 1291
1289 3214
1290 3214
1290 3217
1291 1292
1291 1293
1291 1294
1291 1295
1291 1296
1291 1297
1291 1298
1291 1299
1291 1300
1291 1301
1291 1302
1291 1303
1291 1304
1291 1305
1291 1306
1291 1307
1291 1308
1291 1309
1291 1310
1291 1311
1291 1312
1291 1313
1291 1314
1291 1315
1291 1316
1291 1317
1291 1318
1291 1319
1291 1320
1291 1321
1291 1322
1291 1323
1291 1324
1291 1325
1291 1326
1291 1327
1291 1328
1291 1329
1291 1330
1291 1331
1291 1332
1291 1333
1291 1334
1291 1335
1291 1336
1291 1337
1291 1338
1291 1339
1291 1340
1291 1341
1291 1342
1291 1343
1291 1344
1291 1345
1291 1346
1291 1347
1291 1348
1291 1349
1291 1350
1291 1351
1291 1352
1291 1353
1291 1354
1291 1355
1291 1356
1291 1357
1291 1358
1291 1359
1291 1360
1291 1361
1291 1362
1291 1363
1291 1364
1291 1365
1291 1366
1291 1367
1291 1368
1291 1369
1291 1370
1291 1371
1291 1372
1291 1373
1291 1374
1291 1375
1291 1376
1291 1377
1291 1378
1291 1379
1291 1380
1291 1381
1291 1382
1291 1383
1291 1384
1291 1385
1291 1386
1291 1387
1291 1388
1291 1389
1291 1390
1291 1391
1291 1392
1291 1393
1291 1394
1291 1395
1291 1396
1291 1397
1291 1398
1291 1399
1291 1400
1291 1401
1291 1402
1291 1403
1291 1404
1291 1405
1291 1406
1291 1407
1291 1408
1291 1409
1291 1410
1291 1411
1291 1412
1291 3214
1299 2343
1332 1372
1333 1373
1334 1374
1335 1375
1336 1376
1337 1377
1338 1378
1339 1379
1340 1380
1341 1381
1342 1382
1343 1383
1344 1384
1345 1385
1346 1386
1347 1387
1348 1388
1349 1389
1350 1390
1351 1391
1352 1392
1353 1393
1354 1394
1355 1395
1356 1396
1357 1397
1358 1398
1359 1399
1360 1400
1361 1401
1362 1402
1363 1403
1364 1404
1365 1405
1366 1406
1367 1407
1368 1408
1369 1409
1370 1410
1371 1411
1372 1412
1372 1544
1372 1545
1373 1412
1373 1544
1373 1546
1374 1412
1374 1544
1374 1547
1375 1412
1375 1544
1375 1548
1376 1412
1376 1544
1376 1549
1377 1412
1377 1544
1377 1550
1378 1412
1378 1544
1378 1551
1379 1412
1379 1544
1379 1552
1380 1412
1380 1544
1380 1553
1381 1412
1381 1544
1381 1554
1382 1412
1382 1544
1382 1555
1383 1412
1383 1544
1383 1556
1384 1412
1384 1544
1384 1557
1385 1412
1385 1544
1385 1558
1386 1412
1386 1544
1386 1559
1387 1412
1387 1544
1387 1560
1388 1412
1388 1544
1388 1561
1389 1412
1389 1544
1389 1562
1390 1412
1390 1544
1390 1563
1391 1412
1391 1544
1391 1564
1392 1412
1392 1544
1392 1565
1393 1412
1393 1544
1393 1566
1394 1412
1394 1544
1394 1567
1395 1412
1395 1544
1395 1568
1396 1412
1396 1544
1396 1569
1397 1412
1397 1544
1397 1570
1398 1412
1398 1544
1398 1571
1399 1412
1399 1544
1399 1572
1400 1412
1400 1544
1400 1573
1401 1412
1401 1544
1401 1574
1402 1412
1402 1544
1402 1575
1403 1412
1403 1544
1403 1576
1404 1412
1404 1544
1404 1577
1405 1412
1405 1544
1405 1578
1406 1412
1406 1544
1406 1579
1407 1412
1407 1544
1407 1580
1408 1412
1408 1544
1408 1581
1409 1412
1409 1544
1409 1582
1410 1412
1410 1544
1410 1583
1411 1412
1411 1544
1411 1584
1412 1413
1412 1414
1412 1415
1412 1416
1412 1417
1412 1418
1412 1419
1412 1420
1412 1421
1412 1422
1412 1423
1412 1424
1412 1425
1412 1426
1412 1427
1412 1428
1412 1429
1412 1430
1412 1431
1412 1432
1412 1433
1412 1434
1412 1435
1412 1436
1412 1437
1412 1438
1412 1439
1412 1440
1412 1441
1412 1442
1412 1443
1412 1444
1412 1445
1412 1446
1412 1447
1412 1448
1412 1449
1412 1450
1412 1451
1412 1452
1412 1453
1412 1454
1412 1455
1412 1456
1412 1457
1412 1458
1412 1459
1412 1460
1412 1461
1412 1462
1412 1463
1412 1464
1412 1465
1412 1466
1412 1467
1412 1468
1412 1469
1412 1470
1412 1471
1412 1472
1412 1473
1412 1474
1412 1475
1412 1476
1412 1477
1412 1478
1412 1479
1412 1480
1412 1481
1412 1482
1412 1483
1412 1484
1412 1485
1412 1486
1412 1487
1412 1488
1412 1489
1412 1490
1412 1491
1412 1492
1412 1493
1412 1494
1412 1495
1412 1496
1412 1497
1412 1498
1412 1499
1412 1500
1412 1501
1412 1502
1412 1503
1412 1504
1412 1505
1412 1506
1412 1507
1412 1508
1412 1509
1412 1510
1412 1511
1412 1512
1412 1513
1412 1514
1412 1515
1412 1516
1412 1517
1412 1518
1412 1519
1412 1520
1412 1521
1412 1522
1412 1523
1412 1524
1412 1525
1412 1526
1412 1527
1412 1528
1412 1529
1412 1530
1412 1531
1412 1532
1412 1533
1412 1534
1412 1535
1412 1536
1412 1537
1412 1538
1412 1539
1412 1540
1412 1541
1412 1542
1412 1543
1412 1544
1412 3214
1413 1544
1413 3214
1414 1544
1414 3214
1415 1544
1415 3214
1416 1544
1416 3214
1417 1544
1417 3214
1418 1544
1418 3214
1419 1544
1419 3214
1420 1544
1420 3214
1421 1544
1421 3214
1422 1544
1422 3214
1423 1544
1423 3214
1424 1544
1424 3214
1425 1544
1425 3214
1426 1544
1426 3214
1427 1544
1427 3214
1428 1544
1428 3214
1429 1544
1429 3214
1430 1544
1430 3214
1431 1544
1431 3214
1432 1544
1432 3214
1433 1544
1433 3214
1434 1544
1434 3214
1435 1544
1435 3214
1436 1544
1436 3214
1437 1544
1437 3214
1438 1544
1438 3214
1439 1544
1439 3214
1440 1544
1440 3214
1441 1544
1441 3214
1442 1544
1442 3214
1443 1544
1443 3214
1444 1544
1444 3214
1445 1544
1445 3214
1446 1544
1446 3214
1447 1544
1447 3214
1448 1544
1448 3214
1449 1544
1449 3214
1450 1544
1450 3214
1451 1544
1451 3214
1452 1544
1452 3214
1453 1544
1453 3214
1454 1544
1454 3214
1455 1544
1455 3214
1456 1544
1456 3214
1457 1544
1457 3214
1458 1544
1458 3214
1459 1544
1459 3214
1460 1544
1460 3214
1461 1544
1461 3214
1462 1544
1462 3214
1463 1544
1463 3214
1464 1544
1464 3214
1465 1544
1465 3214
1466 1544
1466 3214
1467 1544
1467 3214
1468 1544
1468 3214
1469 1544
1469 3214
1470 1544
1470 3214
1471 1544
1471 3214
1472 1544
1472 3214
1473 1544
1473 3214
1474 1544
1474 3214
1475 1544
1475 3214
1476 1544
1476 3214
1477 1544
1477 3214
1478 1544
1478 3214
1479 1544
1479 3214
1480 1544
1480 3214
1481 1544
1481 3214
1482 1544
1482 3214
1483 1544
1483 3214
1484 1544
1484 3214
1485 1544
1485 3214
1486 1544
1486 3214
1487 1544
1487 3214
1488 1544
1488 3214
1489 1544
1489 3214
1490 1544
1490 3214
1491 1544
1491 3214
1492 1544
1492 3214
1493 1544
1493 3214
1494 1544
1494 3214
1495 1544
1495 3214
1496 1544
1496 3214
1497 1544
1497 3214
1498 1544
1498 3214
1499 1544
1499 3214
1500 1544
1500 3214
1501 1544
1501 3214
1502 1544
1502 3214
1503 1544
1503 3214
1504 1544
1504 3214
1505 1544
1505 3214
1506 1544
1506 3214
1507 1544
1507 3214
1508 1544
1508 3214
1509 1544
1509 3214
1510 1544
1510 3214
1511 1544
1511 3214
1512 1544
1512 3214
1513 1544
1513 3214
1514 1544
1514 3214
1515 1544
1515 3214
1516 1544
1516 3214
1517 1544
1517 3214
1518 1544
1518 3214
1519 1544
1519 3214
1520 1544
1520 3214
1521 1544
1521 3214
1522 1544
1522 3214
1523 1544
1523 3214
1524 1544
1524 3214
1525 1544
1525 3214
1526 1544
1526 3214
1527 1544
1527 3214
1528 1544
1528 3214
1529 1544
1529 3214
1530 1544
1530 3214
1531 1544
1531 3214
1532 1544
1532 3214
1533 1544
1533 3214
1534 1544
1534 3214
1535 1544
1535 3214
1536 1544
1536 3214
1537 1544
1537 3214
1538 1544
1538 3214
1539 1544
1539 3214
1540 1544
1540 3214
1541 1544
1541 3214
1542 1544
1542 3214
1543 1544
1543 3214
1544 1545
1544 1546
1544 1547
1544 1548
1544 1549
1544 1550
1544 1551
1544 1552
1544 1553
1544 1554
1544 1555
1544 1556
1544 1557
1544 1558
1544 1559
1544 1560
1544 1561
1544 1562
1544 1563
1544 1564
1544 1565
1544 1566
1544 1567
1544 1568
1544 1569
1544 1570
1544 1571
1544 1572
1544 1573
1544 1574
1544 1575
1544 1576
1544 1577
1544 1578
1544 1579
1544 1580
1544 1581
1544 1582
1544 1583
1544 1584
1544 1585
1544 1586
1544 1587
1544 1588
1544 1589
1544 1590
1544 1591
1544 1592
1544 1593
1544 1594
1544 1595
1544 1596
1544 1597
1544 1598
1544 1599
1544 1600
1544 1601
1544 1602
1544 1603
1544 1604
1544 1605
1544 1606
1544 1607
1544 1608
1544 1609
1544 1610
1544 1611
1544 1612
1544 1613
1544 1614
1544 1615
1544 1616
1544 1617
1544 1618
1544 1619
1544 1620
1544 1621
1544 1622
1544 1623
1544 1624
1544 1625
1544 1626
1544 1627
1544 1628
1544 1629
1544 1630
1544 1631
1544 1632
1544 1633
1544 1634
1544 1635
1544 1636
1544 1637
1544 1638
1544 1639
1544 1640
1544 1641
1544 1642
1544 1643
1544 1644
1544 1645
1544 1646
1544 1647
1544 1648
1544 1649
1544 1650
1544 1651
1544 1652
1544 1653
1544 1654
1544 1655
1544 1656
1544 1657
1544 1658
1544 1659
1544 1660
1544 1661
1544 1662
1544 1663
1544 1664
1544 1665
1544 3214
1585 1625
1586 1626
1587 1627
1588 1628
1589 1629
1590 1630
1591 1631
1592 1632
1593 1633
1594 1634
1595 1635
1596 1636
1597 1637
1598 1638
1599 1639
1600 1640
1601 1641
1602 1642
1603 1643
1604 1644
1605 1645
1606 1646
1607 1647
1608 1648
1609 1649
1610 1650
1611 1651
1612 1652
1613 1653
1614 1654
1615 1655
1616 1656
1617 1657
1618 1658
1619 1659
1620 1660
1621 1661
1622 1662
1623 1663
1624 1664
1625 1665
1625 1798
1625 1799
1626 1665
1626 1798
1626 1800
1627 1665
1627 1798
1627 1801
1628 1665
1628 1798
1628 1802
1629 1665
1629 1798
1629 1803
1630 1665
1630 1798
1630 1804
1631 1665
1631 1798
1631 1805
1632 1665
1632 1798
1632 1806
1633 1665
1633 1798
1633 1807
1634 1665
1634 1798
1634 1808
1635 1665
1635 1798
1635 1809
1636 1665
1636 1798
1636 1810
1637 1665
1637 1798
1637 1811
1638 1665
1638 1798
1638 1812
1639 1665
1639 1798
1639 1813
1640 1665
1640 1798
1640 1814
1641 1665
1641 1798
1641 1815
1642 1665
1642 1798
1642 1816
1643 1665
1643 1798
1643 1817
1644 1665
1644 1798
1644 1818
1645 1665
1645 1798
1645 1819
1646 1665
1646 1798
1646 1820
1647 1665
1647 1798
1647 1821
1648 1665
1648 1798
1648 1822
1649 1665
1649 1798
1649 1823
1650 1665
1650 1798
1650 1824
1651 1665
1651 1798
1651 1825
1652 1665
1652 1798
1652 1826
1653 1665
1653 1798
1653 1827
1654 1665
1654 1798
1654 1828
1655 1665
1655 1798
1655 1829
1656 1665
1656 1798
1656 1830
1657 1665
1657 1798
1657 1831
1658 1665
1658 1798
1658 1832
1659 1665
1659 1798
1659 1833
1660 1665
1660 1798
1660 1834
1661 1665
1661 1798
1661 1835
1662 1665
1662 1798
1662 1836
1663 1665
1663 1798
1663 1837
1664 1665
1664 1798
1664 1838
1665 1666
1665 1667
1665 1668
1665 1669
1665 1670
1665 1671
1665 1672
1665 1673
1665 1674
1665 1675
1665 1676
1665 1677
1665 1678
1665 1679
1665 1680
1665 1681
1665 1682
1665 1683
1665 1684
1665 1685
1665 1686
1665 1687
1665 1688
1665 1689
1665 1690
1665 1691
1665 1692
1665 1693
1665 1694
1665 1695
1665 1696
1665 1697
1665 1698
1665 1699
1665 1700
1665 1701
1665 1702
1665 1703
1665 1704
1665 1705
1665 1706
1665 1707
1665 1708
1665 1709
1665 1710
1665 1711
1665 1712
1665 1713
1665 1714
1665 1715
1665 1716
1665 1717
1665 1718
1665 1719
1665 1720
1665 1721
1665 1722
1665 1723
1665 1724
1665 1725
1665 1726
1665 1727
1665 1728
1665 1729
1665 1730
1665 1731
1665 1732
1665 1733
1665 1734
1665 1735
1665 1736
1665 1737
1665 1738
1665 1739
1665 1740
1665 1741
1665 1742
1665 1743
1665 1744
1665 1745
1665 1746
1665 1747
1665 1748
1665 1749
1665 1750
1665 1751
1665 1752
1665 1753
1665 1754
1665 1755
1665 1756
1665 1757
1665 1758
1665 1759
1665 1760
1665 1761
1665 1762
1665 1763
1665 1764
1665 1765
1665 1766
1665 1767
1665 1768
1665 1769
1665 1770
1665 1771
1665 1772
1665 1773
1665 1774
1665 1775
1665 1776
1665 1777
1665 1778
1665 1779
1665 1780
1665 1781
1665 1782
1665 1783
1665 1784
1665 1785
1665 1786
1665 1787
1665 1788
1665 1789
1665 1790
1665 1791
1665 1792
1665 1793
1665 1794
1665 1795
1665 1796
1665 1797
1665 1798
1665 3214
1666 1798
1666 3214
1667 1798
1667 3214
1668 1798
1668 3214
1669 1798
1669 3214
1670 1798
1670 3214
1671 1798
1671 3214
1672 1798
1672 3214
1673 1798
1673 3214
1674 1798
1674 3214
1675 1798
1675 3214
1676 1798
1676 3214
1677 1798
1677 3214
1678 1798
1678 3214
1679 1798
1679 3214
1680 1798
1680 3214
1681 1798
1681 3214
1682 1798
1682 3214
1683 1798
1683 3214
1684 1798
1684 3214
1685 1798
1685 3214
1686 1798
1686 3214
1687 1798
1687 3214
1688 1798
1688 3214
1689 1798
1689 3214
1690 1798
1690 3214
1691 1798
1691 3214
1692 1798
1692 3214
1693 1798
1693 3214
1694 1798
1694 3214
1695 1798
1695 3214
1696 1798
1696 3214
1697 1798
1697 3214
1698 1798
1698 3214
1699 1798
1699 3214
1700 1798
1700 3214
1701 1798
1701 3214
1702 1798
1702 3214
1703 1798
1703 3214
1704 1798
1704 3214
1705 1798
1705 3214
1706 1798
1706 3214
1707 1798
1707 3214
1708 1798
1708 3214
1709 1798
1709 3214
1710 1798
1710 3214
1711 1798
1711 3214
1712 1798
1712 3214
1713 1798
1713 3214
1714 1798
1714 3214
1715 1798
1715 3214
1716 1798
1716 3214
1717 1798
1717 3214
1718 1798
1718 3214
1719 1798
1719 3214
1720 1798
1720 3214
1721 1798
1721 3214
1722 1798
1722 3214
1723 1798
1723 3214
1724 1798
1724 3214
1725 1798
1725 3214
1726 1798
1726 3214
1727 1798
1727 3214
1728 1798
1728 3214
1729 1798
1729 3214
1730 1798
1730 3214
1731 1798
1731 3214
1732 1798
1732 3214
1733 1798
1733 3214
1734 1798
1734 3214
1735 1798
1735 3214
1736 1798
1736 3214
1737 1798
1737 3214
1738 1798
1738 3214
1739 1798
1739 3214
1740 1798
1740 3214
1741 1798
1741 3214
1742 1798
1742 3214
1743 1798
1743 3214
1744 1798
1744 3214
1745 1798
1745 3214
1746 1798
1746 3214
1747 1798
1747 3214
1748 1798
1748 3214
1749 1798
1749 3214
1750 1798
1750 3214
1751 1798
1751 3214
1752 1798
1752 3214
1753 1798
1753 3214
1754 1798
1754 3214
1755 1798
1755 3214
1756 1798
1756 3214
1757 1798
1757 3214
1758 1798
1758 3214
1759 1798
1759 3214
1760 1798
1760 3214
1761 1798
1761 3214
1762 1798
1762 3214
1763 1798
1763 3214
1764 1798
1764 3214
1765 1798
1765 3214
1766 1798
1766 3214
1767 1798
1767 3214
1768 1798
1768 3214
1769 1798
1769 3214
1770 1798
1770 3214
1771 1798
1771 3214
1772 1798
1772 3214
1773 1798
1773 3214
1774 1798
1774 3214
1775 1798
1775 3214
1776 1798
1776 3214
1777 1798
1777 3214
1778 1798
1778 3214
1779 1798
1779 3214
1780 1798
1780 3214
1781 1798
1781 3214
1782 1798
1782 3214
1783 1798
1783 3214
1784 1798
1784 3214
1785 1798
1785 3214
1786 1798
1786 3214
1787 1798
1787 3214
1788 1798
1788 3214
1789 1798
1789 3214
1790 1798
1790 3214
1791 1798
1791 3214
1792 1798
1792 3214
1793 1798
1793 3214
1794 1798
1794 3214
1795 1798
1795 3214
1796 1798
1796 3214
1797 1798
1797 3214
1798 1799
1798 1800
1798 1801
1798 1802
1798 1803
1798 1804
1798 1805
1798 1806
1798 1807
1798 1808
1798 1809
1798 1810
1798 1811
1798 1812
1798 1813
1798 1814
1798 1815
1798 1816
1798 1817
1798 1818
1798 1819
1798 1820
1798 1821
1798 1822
1798 1823
1798 1824
1798 1825
1798 1826
1798 1827
1798 1828
1798 1829
1798 1830
1798 1831
1798 1832
1798 1833
1798 1834
1798 1835
1798 1836
1798 1837
1798 1838
1798 1839
1798 1840
1798 1841
1798 1842
1798 1843
1798 1844
1798 1845
1798 1846
1798 1847
1798 1848
1798 1849
1798 1850
1798 1851
1798 1852
1798 1853
1798 1854
1798 1855
1798 1856
1798 1857
1798 1858
1798 1859
1798 1860
1798 1861
1798 1862
1798 1863
1798 1864
1798 1865
1798 1866
1798 1867
1798 1868
1798 1869
1798 1870
1798 1871
1798 1872
1798 1873
1798 1874
1798 1875
1798 1876
1798 1877
1798 1878
1798 1879
1798 1880
1798 1881
1798 1882
1798 1883
1798 1884
1798 1885
1798 1886
1798 1887
1798 1888
1798 1889
1798 1890
1798 1891
1798 1892
1798 1893
1798 1894
1798 1895
1798 1896
1798 1897
1798 1898
1798 1899
1798 1900
1798 1901
1798 1902
1798 1903
1798 1904
1798 1905
1798 1906
1798 1907
1798 1908
1798 1909
1798 1910
1798 1911
1798 1912
1798 1913
1798 1914
1798 1915
1798 1916
1798 1917
1798 1918
1798 1919
1798 3214
1839 1879
1840 1880
1841 1881
1842 1882
1843 1883
1844 1884
1845 1885
1846 1886
1847 1887
1848 1888
1849 1889
1850 1890
1851 1891
1852 1892
1853 1893
1854 1894
1855 1895
1856 1896
1857 1897
1858 1898
1859 1899
1860 1900
1861 1901
1862 1902
1863 1903
1864 1904
1865 1905
1866 1906
1867 1907
1868 1908
1869 1909
1870 1910
1871 1911
1872 1912
1873 1913
1874 1914
1875 1915
1876 1916
1877 1917
1878 1918
1879 1919
1879 2060
1879 2061
1880 1919
1880 2060
1880 2062
1881 1919
1881 2060
1881 2063
1882 1919
1882 2060
1882 2064
1883 1919
1883 2060
1883 2065
1884 1919
1884 2060
1884 2066
1885 1919
1885 2060
1885 2067
1886 1919
1886 2060
1886 2068
1887 1919
1887 2060
1887 2069
1888 1919
1888 2060
1888 2070
1889 1919
1889 2060
1889 2071
1890 1919
1890 2060
1890 2072
1891 1919
1891 2060
1891 2073
1892 1919
1892 2060
1892 2074
1893 1919
1893 2060
1893 2075
1894 1919
1894 2060
1894 2076
1895 1919
1895 2060
1895 2077
1896 1919
1896 2060
1896 2078
1897 1919
1897 2060
1897 2079
1898 1919
1898 2060
1898 2080
1899 1919
1899 2060
1899 2081
1900 1919
1900 2060
1900 2082
1901 1919
1901 2060
1901 2083
1902 1919
1902 2060
1902 2084
1903 1919
1903 2060
1903 2085
1904 1919
1904 2060
1904 2086
1905 1919
1905 2060
1905 2087
1906 1919
1906 2060
1906 2088
1907 1919
1907 2060
1907 2089
1908 1919
1908 2060
1908 2090
1909 1919
1909 2060
1909 2091
1910 1919
1910 2060
1910 2092
1911 1919
1911 2060
1911 2093
1912 1919
1912 2060
1912 2094
1913 1919
1913 2060
1913 2095
1914 1919
1914 2060
1914 2096
1915 1919
1915 2060
1915 2097
1916 1919
1916 2060
1916 2098
1917 1919
1917 2060
1917 2099
1918 1919
1918 2060
1918 2100
1919 1920
1919 1921
1919 1922
1919 1923
1919 1924
1919 1925
1919 1926
1919 1927
1919 1928
1919 1929
1919 1930
1919 1931
1919 1932
1919 1933
1919 1934
1919 1935
1919 1936
1919 1937
1919 1938
1919 1939
1919 1940
1919 1941
1919 1942
1919 1943
1919 1944
1919 1945
1919 1946
1919 1947
1919 1948
1919 1949
1919 1950
1919 1951
1919 1952
1919 1953
1919 1954
1919 1955
1919 1956
1919 1957
1919 1958
1919 1959
1919 1960
1919 1961
1919 1962
1919 1963
1919 1964
1919 1965
1919 1966
1919 1967
1919 1968
1919 1969
1919 1970
1919 1971
1919 1972
1919 1973
1919 1974
1919 1975
1919 1976
1919 1977
1919 1978
1919 1979
1919 1980
1919 1981
1919 1982
1919 1983
1919 1984
1919 1985
1919 1986
1919 1987
1919 1988
1919 1989
1919 1990
1919 1991
1919 1992
1919 1993
1919 1994
1919 1995
1919 1996
1919 1997
1919 1998
1919 1999
1919 2000
1919 2001
1919 2002
1919 2003
1919 2004
1919 2005
1919 2006
1919 2007
1919 2008
1919 2009
1919 2010
1919 2011
1919 2012
1919 2013
1919 2014
1919 2015
1919 2016
1919 2017
1919 2018
1919 2019
1919 2020
1919 2021
1919 2022
1919 2023
1919 2024
1919 2025
1919 2026
1919 2027
1919 2028
1919 2029
1919 2030
1919 2031
1919 2032
1919 2033
1919 2034
1919 2035
1919 2036
1919 2037
1919 2038
1919 2039
1919 2040
1919 2041
1919 2042
1919 2043
1919 2044
1919 2045
1919 2046
1919 2047
1919 2048
1919 2049
1919 2050
1919 2051
1919 2052
1919 2053
1919 2054
1919 2055
1919 2056
1919 2057
1919 2058
1919 2059
1919 2060
1919 3214
1920 2060
1920 3214
1921 2060
1921 3214
1922 2060
1922 3214
1923 2060
1923 3214
1924 2060
1924 3214
1925 2060
1925 3214
1926 2060
1926 3214
1927 2060
1927 3214
1928 2060
1928 3214
1929 2060
1929 3214
1930 2060
1930 3214
1931 2060
1931 3214
1932 2060
1932 3214
1933 2060
1933 3214
1934 2060
1934 3214
1935 2060
1935 3214
1936 2060
1936 3214
1937 2060
1937 3214
1938 2060
1938 3214
1939 2060
1939 3214
1940 2060
1940 3214
1941 2060
1941 3214
1942 2060
1942 3214
1943 2060
1943 3214
1944 2060
1944 3214
1945 2060
1945 3214
1946 2060
1946 3214
1947 2060
1947 3214
1948 2060
1948 3214
1949 2060
1949 3214
1950 2060
1950 3214
1951 2060
1951 3214
1952 2060
1952 3214
1953 2060
1953 3214
1954 2060
1954 3214
1955 2060
1955 3214
1956 2060
1956 3214
1957 2060
1957 3214
1958 2060
1958 3214
1959 2060
1959 3214
1960 2060
1960 3214
1961 2060
1961 3214
1962 2060
1962 3214
1963 2060
1963 3214
1964 2060
1964 3214
1965 2060
1965 3214
1966 2060
1966 3214
1967 2060
1967 3214
1968 2060
1968 3214
1969 2060
1969 3214
1970 2060
1970 3214
1971 2060
1971 3214
1972 2060
1972 3214
1973 2060
1973 3214
1974 2060
1974 3214
1975 2060
1975 3214
1976 2060
1976 3214
1977 2060
1977 3214
1978 2060
1978 3214
1979 2060
1979 3214
1980 2060
1980 3214
1981 2060
1981 3214
1982 2060
1982 3214
1983 2060
1983 3214
1984 2060
1984 3214
1985 2060
1985 3214
1986 2060
1986 3214
1987 2060
1987 3214
1988 2060
1988 3214
1989 2060
1989 3214
1990 2060
1990 3214
1991 2060
1991 3214
1992 2060
1992 3214
1993 2060
1993 3214
1994 2060
1994 3214
1995 2060
1995 3214
1996 2060
1996 3214
1997 2060
1997 3214
1998 2060
1998 3214
1999 2060
1999 3214
2000 2060
2000 3214
2001 2060
2001 3214
2002 2060
2002 3214
2003 2060
2003 3214
2004 2060
2004 3214
2005 2060
2005 3214
2006 2060
2006 3214
2007 2060
2007 3214
2008 2060
2008 3214
2009 2060
2009 3214
2010 2060
2010 3214
2011 2060
2011 3214
2012 2060
2012 3214
2013 2060
2013 3214
2014 2060
2014 3214
2015 2060
2015 3214
2016 2060
2016 3214
2017 2060
2017 3214
2018 2060
2018 3214
2019 2060
2019 3214
2020 2060
2020 3214
2021 2060
2021 3214
2022 2060
2022 3214
2023 2060
2023 3214
2024 2060
2024 3214
2025 2060
2025 3214
2026 2060
2026 3214
2027 2060
2027 3214
2028 2060
2028 3214
2029 2060
2029 3214
2030 2060
2030 3214
2031 2060
2031 3214
2032 2060
2032 3214
2033 2060
2033 3214
2034 2060
2034 3214
2035 2060
2035 3214
2036 2060
2036 3214
2037 2060
2037 3214
2038 2060
2038 3214
2039 2060
2039 3214
2040 2060
2040 3214
2041 2060
2041 3214
2042 2060
2042 3214
2043 2060
2043 3214
2044 2060
2044 3214
2045 2060
2045 3214
2046 2060
2046 3214
2047 2060
2047 3214
2048 2060
2048 3214
2049 2060
2049 3214
2050 2060
2050 3214
2051 2060
2051 3214
2052 2060
2052 3214
2053 2060
2053 3214
2054 2060
2054 3214
2055 2060
2055 3214
2056 2060
2056 3214
2057 2060
2057 3214
2058 2060
2058 3214
2059 2060
2059 3214
2060 2061
2060 2062
2060 2063
2060 2064
2060 2065
2060 2066
2060 2067
2060 2068
2060 2069
2060 2070
2060 2071
2060 2072
2060 2073
2060 2074
2060 2075
2060 2076
2060 2077
2060 2078
2060 2079
2060 2080
2060 2081
2060 2082
2060 2083
2060 2084
2060 2085
2060 2086
2060 2087
2060 2088
2060 2089
2060 2090
2060 2091
2060 2092
2060 2093
2060 2094
2060 2095
2060 2096
2060 2097
2060 2098
2060 2099
2060 2100
2060 2101
2060 2102
2060 2103
2060 2104
2060 2105
2060 2106
2060 2107
2060 2108
2060 2109
2060 2110
2060 2111
2060 2112
2060 2113
2060 2114
2060 2115
2060 2116
2060 2117
2060 2118
2060 2119
2060 2120
2060 2121
2060 2122
2060 2123
2060 2124
2060 2125
2060 2126
2060 2127
2060 2128
2060 2129
2060 2130
2060 2131
2060 2132
2060 2133
2060 2134
2060 2135
2060 2136
2060 2137
2060 2138
2060 2139
2060 2140
2060 2141
2060 2142
2060 2143
2060 2144
2060 2145
2060 2146
2060 2147
2060 2148
2060 2149
2060 2150
2060 2151
2060 2152
2060 2153
2060 2154
2060 2155
2060 2156
2060 2157
2060 2158
2060 2159
2060 2160
2060 2161
2060 2162
2060 2163
2060 2164
2060 2165
2060 2166
2060 2167
2060 2168
2060 2169
2060 2170
2060 2171
2060 2172
2060 2173
2060 2174
2060 2175
2060 2176
2060 2177
2060 2178
2060 2179
2060 2180
2060 2181
2060 3214
2101 2141
2102 2142
2103 2143
2104 2144
2105 2145
2106 2146
2107 2147
2108 2148
2109 2149
2110 2150
2111 2151
2112 2152
2113 2153
2114 2154
2115 2155
2116 2156
2117 2157
2118 2158
2119 2159
2120 2160
2121 2161
2122 2162
2123 2163
2124 2164
2125 2165
2126 2166
2127 2167
2128 2168
2129 2169
2130 2170
2131 2171
2132 2172
2133 2173
2134 2174
2135 2175
2136 2176
2137 2177
2138 2178
2139 2179
2140 2180
2141 2181
2141 2302
2141 2303
2142 2181
2142 2302
2142 2304
2143 2181
2143 2302
2143 2305
2144 2181
2144 2302
2144 2306
2145 2181
2145 2302
2145 2307
2146 2181
2146 2302
2146 2308
2147 2181
2147 2302
2147 2309
2148 2181
2148 2302
2148 2310
2149 2181
2149 2302
2149 2311
2150 2181
2150 2302
2150 2312
2151 2181
2151 2302
2151 2313
2152 2181
2152 2302
2152 2314
2153 2181
2153 2302
2153 2315
2154 2181
2154 2302
2154 2316
2155 2181
2155 2302
2155 2317
2156 2181
2156 2302
2156 2318
2157 2181
2157 2302
2157 2319
2158 2181
2158 2302
2158 2320
2159 2181
2159 2302
2159 2321
2160 2181
2160 2302
2160 2322
2161 2181
2161 2302
2161 2323
2162 2181
2162 2302
2162 2324
2163 2181
2163 2302
2163 2325
2164 2181
2164 2302
2164 2326
2165 2181
2165 2302
2165 2327
2166 2181
2166 2302
2166 2328
2167 2181
2167 2302
2167 2329
2168 2181
2168 2302
2168 2330
2169 2181
2169 2302
2169 2331
2170 2181
2170 2302
2170 2332
2171 2181
2171 2302
2171 2333
2172 2181
2172 2302
2172 2334
2173 2181
2173 2302
2173 2335
2174 2181
2174 2302
2174 2336
2175 2181
2175 2302
2175 2337
2176 2181
2176 2302
2176 2338
2177 2181
2177 2302
2177 2339
2178 2181
2178 2302
2178 2340
2179 2181
2179 2302
2179 2341
2180 2181
2180 2302
2180 2342
2181 2182
2181 2183
2181 2184
2181 2185
2181 2186
2181 2187
2181 2188
2181 2189
2181 2190
2181 2191
2181 2192
2181 2193
2181 2194
2181 2195
2181 2196
2181 2197
2181 2198
2181 2199
2181 2200
2181 2201
2181 2202
2181 2203
2181 2204
2181 2205
2181 2206
2181 2207
2181 2208
2181 2209
2181 2210
2181 2211
2181 2212
2181 2213
2181 2214
2181 2215
2181 2216
2181 2217
2181 2218
2181 2219
2181 2220
2181 2221
2181 2222
2181 2223
2181 2224
2181 2225
2181 2226
2181 2227
2181 2228
2181 2229
2181 2230
2181 2231
2181 2232
2181 2233
2181 2234
2181 2235
2181 2236
2181 2237
2181 2238
2181 2239
2181 2240
2181 2241
2181 2242
2181 2243
2181 2244
2181 2245
2181 2246
2181 2247
2181 2248
2181 2249
2181 2250
2181 2251
2181 2252
2181 2253
2181 2254
2181 2255
2181 2256
2181 2257
2181 2258
2181 2259
2181 2260
2181 2261
2181 2262
2181 2263
2181 2264
2181 2265
2181 2266
2181 2267
2181 2268
2181 2269
2181 2270
2181 2271
2181 2272
2181 2273
2181 2274
2181 2275
2181 2276
2181 2277
2181 2278
2181 2279
2181 2280
2181 2281
2181 2282
2181 2283
2181 2284
2181 2285
2181 2286
2181 2287
2181 2288
2181 2289
2181 2290
2181 2291
2181 2292
2181 2293
2181 2294
2181 2295
2181 2296
2181 2297
2181 2298
2181 2299
2181 2300
2181 2301
2181 2302
2181 3214
2182 2302
2182 3214
2183 2302
2183 3214
2184 2302
2184 3214
2185 2302
2185 3214
2186 2302
2186 3214
2187 2302
2187 3214
2188 2302
2188 3214
2189 2302
2189 3214
2190 2302
2190 3214
2191 2302
2191 3214
2192 2302
2192 3214
2193 2302
2193 3214
2194 2302
2194 3214
2195 2302
2195 3214
2196 2302
2196 3214
2197 2302
2197 3214
2198 2302
2198 3214
2199 2302
2199 3214
2200 2302
2200 3214
2201 2302
2201 3214
2202 2302
2202 3214
2203 2302
2203 3214
2204 2302
2204 3214
2205 2302
2205 3214
2206 2302
2206 3214
2207 2302
2207 3214
2208 2302
2208 3214
2209 2302
2209 3214
2210 2302
2210 3214
2211 2302
2211 3214
2212 2302
2212 3214
2213 2302
2213 3214
2214 2302
2214 3214
2215 2302
2215 3214
2216 2302
2216 3214
2217 2302
2217 3214
2218 2302
2218 3214
2219 2302
2219 3214
2220 2302
2220 3214
2221 2302
2221 3214
2222 2302
2222 3214
2223 2302
2223 3214
2224 2302
2224 3214
2225 2302
2225 3214
2226 2302
2226 3214
2227 2302
2227 3214
2228 2302
2228 3214
2229 2302
2229 3214
2230 2302
2230 3214
2231 2302
2231 3214
2232 2302
2232 3214
2233 2302
2233 3214
2234 2302
2234 3214
2235 2302
2235 3214
2236 2302
2236 3214
2237 2302
2237 3214
2238 2302
2238 3214
2239 2302
2239 3214
2240 2302
2240 3214
2241 2302
2241 3214
2242 2302
2242 3214
2243 2302
2243 3214
2244 2302
2244 3214
2245 2302
2245 3214
2246 2302
2246 3214
2247 2302
2247 3214
2248 2302
2248 3214
2249 2302
2249 3214
2250 2302
2250 3214
2251 2302
2251 3214
2252 2302
2252 3214
2253 2302
2253 3214
2254 2302
2254 3214
2255 2302
2255 3214
2256 2302
2256 3214
2257 2302
2257 3214
2258 2302
2258 3214
2259 2302
2259 3214
2260 2302
2260 3214
2261 2302
2261 3214
2262 2302
2262 3214
2263 2302
2263 3214
2264 2302
2264 3214
2265 2302
2265 3214
2266 2302
2266 3214
2267 2302
2267 3214
2268 2302
2268 3214
2269 2302
2269 3214
2270 2302
2270 3214
2271 2302
2271 3214
2272 2302
2272 3214
2273 2302
2273 3214
2274 2302
2274 3214
2275 2302
2275 3214
2276 2302
2276 3214
2277 2302
2277 3214
2278 2302
2278 3214
2279 2302
2279 3214
2280 2302
2280 3214
2281 2302
2281 3214
2282 2302
2282 3214
2283 2302
2283 3214
2284 2302
2284 3214
2285 2302
2285 3214
2286 2302
2286 3214
2287 2302
2287 3214
2288 2302
2288 3214
2289 2302
2289 3214
2290 2302
2290 3214
2291 2302
2291 3214
2292 2302
2292 3214
2293 2302
2293 3214
2294 2302
2294 3214
2295 2302
2295 3214
2296 2302
2296 3214
2297 2302
2297 3214
2298 2302
2298 3214
2299 2302
2299 3214
2300 2302
2300 3214
2301 2302
2301 3214
2302 2303
2302 2304
2302 2305
2302 2306
2302 2307
2302 2308
2302 2309
2302 2310
2302 2311
2302 2312
2302 2313
2302 2314
2302 2315
2302 2316
2302 2317
2302 2318
2302 2319
2302 2320
2302 2321
2302 2322
2302 2323
2302 2324
2302 2325
2302 2326
2302 2327
2302 2328
2302 2329
2302 2330
2302 2331
2302 2332
2302 2333
2302 2334
2302 2335
2302 2336
2302 2337
2302 2338
2302 2339
2302 2340
2302 2341
2302 2342
2302 2390
2302 2391
2302 3214
2343 2344
2343 3212
2343 3214
2343 3217
2344 2345
2344 3212
2344 3214
2345 2346
2345 2373
2345 2374
2345 2375
2345 2376
2345 2377
2345 2378
2345 2379
2345 3212
2346 2347
2346 3212
2347 2348
2347 2349
2347 2350
2347 2351
2347 2352
2347 2353
2347 2354
2347 2355
2347 2356
2347 2357
2347 2358
2347 2359
2347 2360
2347 2361
2347 2362
2347 2363
2347 2364
2347 2365
2347 2366
2347 2367
2347 2368
2347 2369
2347 2370
2347 2371
2347 2372
2347 2381
2347 2382
2347 2383
2347 2388
2347 2389
2347 2390
2347 3212
2348 2349
2348 3212
2349 2373
2349 2374
2349 2375
2349 2376
2349 2377
2349 2378
2349 2379
2349 2380
2349 2386
2349 3212
2350 2403
2350 2404
2350 2408
2351 2403
2351 2404
2351 2409
2352 2403
2352 2404
2352 2410
2353 2403
2353 2404
2353 2411
2354 2403
2354 2404
2354 2412
2355 2403
2355 2404
2355 2413
2356 2403
2356 2404
2356 2414
2357 2403
2357 2404
2357 2415
2358 2403
2358 2404
2358 2416
2359 2403
2359 2404
2359 2417
2360 2403
2360 2404
2360 2418
2361 2403
2361 2404
2361 2419
2362 2403
2362 2420
2362 2435
2363 2403
2363 2421
2363 2435
2364 2403
2364 2422
2364 2435
2365 2403
2365 2423
2365 2435
2366 2403
2366 2424
2366 2435
2367 2403
2367 2425
2367 2435
2368 2403
2368 2426
2368 2435
2369 2403
2369 2427
2369 2435
2370 2403
2370 2428
2370 2435
2371 2403
2371 2429
2371 2435
2372 2403
2372 2430
2372 2435
2373 2380
2381 2403
2382 2403
2383 2403
2383 3212
2384 2403
2384 3102
2384 3104
2385 2403
2385 3136
2385 3137
2386 2387
2388 2389
2388 2402
2388 3148
2388 3212
2389 2402
2389 3212
2390 2392
2390 2393
2390 2394
2390 2395
2390 2396
2390 2397
2390 2398
2390 2399
2390 2400
2390 2401
2390 2403
2391 2392
2391 2393
2391 2394
2391 2395
2391 2396
2391 2397
2391 2398
2391 2399
2391 2400
2391 2401
2391 2403
2391 2461
2391 2462
2391 2463
2391 2464
2391 2465
2391 2466
2391 2467
2391 2468
2391 2469
2391 2470
2391 2471
2391 2472
2391 3214
2392 2403
2393 2403
2394 2403
2395 2403
2396 2403
2397 2403
2398 2403
2399 2403
2400 2403
2401 2403
2402 2461
2402 2462
2402 2463
2402 2464
2402 2465
2402 2466
2402 2467
2402 2468
2402 2469
2402 2470
2402 2471
2402 2472
2402 2474
2402 2475
2402 2476
2402 2477
2402 2478
2402 2479
2402 2480
2402 2481
2402 2482
2402 2486
2402 2487
2402 2488
2402 2489
2402 2490
2402 2491
2402 2492
2402 2493
2402 2494
2402 2495
2402 2496
2402 2497
2402 2498
2402 2499
2402 2500
2402 2501
2402 2502
2402 2503
2402 2504
2402 2505
2402 2506
2402 2507
2402 2508
2402 2509
2402 2510
2402 2511
2402 2512
2402 2513
2402 2514
2402 2515
2402 2516
2402 2517
2402 2518
2402 2519
2402 2520
2402 2521
2402 2522
2402 2523
2402 2524
2402 2525
2402 2526
2402 2527
2402 2528
2402 2529
2402 2530
2402 2531
2402 2532
2402 2533
2402 2534
2402 2535
2402 2536
2402 2537
2402 2538
2402 2539
2402 2540
2402 2541
2402 2542
2402 2543
2402 2544
2402 2545
2402 2546
2402 2547
2402 2548
2402 2549
2402 2550
2402 2551
2402 2552
2402 2553
2402 2554
2402 2555
2402 2556
2402 2557
2402 2558
2402 2559
2402 2560
2402 2561
2402 2562
2402 2563
2402 2564
2402 2565
2402 2566
2402 2567
2402 2568
2402 2569
2402 2570
2402 2571
2402 2572
2402 2573
2402 2574
2402 2575
2402 2576
2402 2577
2402 2578
2402 2579
2402 2580
2402 2581
2402 2582
2402 2583
2402 2584
2402 2585
2402 2586
2402 2587
2402 2588
2402 2589
2402 2590
2402 2927
2402 2928
2402 2929
2402 2930
2402 2931
2402 2932
2402 2933
2402 2934
2402 2935
2402 2936
2402 2937
2402 2938
2402 2939
2402 2940
2402 2941
2402 2942
2402 2943
2402 2944
2402 2945
2402 2946
2402 2947
2402 2948
2402 2949
2402 2950
2402 2951
2402 2952
2402 2953
2402 2954
2402 2955
2402 2956
2402 2957
2402 2958
2402 2959
2402 2960
2402 2961
2402 2962
2402 2963
2402 2964
2402 2965
2402 2966
2402 2967
2402 2968
2402 2969
2402 2970
2402 2971
2402 2972
2402 2973
2402 2974
2402 2992
2402 2993
2402 3011
2402 3012
2402 3105
2402 3106
2402 3107
2402 3108
2402 3109
2402 3131
2402 3132
2402 3133
2402 3134
2402 3135
2402 3179
2402 3181
2402 3182
2402 3183
2402 3184
2402 3195
2402 3197
2402 3198
2402 3199
2402 3200
2402 3214
2403 2404
2403 2405
2403 2406
2403 2407
2403 2431
2403 2432
2403 2433
2403 2434
2403 2435
2403 2436
2403 2437
2403 2438
2403 2439
2403 2448
2403 2449
2403 2450
2403 2451
2403 2452
2403 2474
2403 2475
2403 2476
2403 2477
2403 2478
2403 2479
2403 2624
2403 2625
2403 2626
2403 2627
2403 2628
2403 2629
2403 2630
2403 2631
2403 2632
2403 2633
2403 2634
2403 2635
2403 2636
2403 2637
2403 2638
2403 2639
2403 2640
2403 3214
2404 2405
2404 2406
2404 2407
2404 2408
2404 2409
2404 2410
2404 2411
2404 2412
2404 2413
2404 2414
2404 2415
2404 2416
2404 2417
2404 2418
2404 2419
2404 2435
2420 2435
2421 2435
2422 2435
2423 2435
2424 2435
2425 2435
2426 2435
2427 2435
2428 2435
2429 2435
2430 2435
2431 2435
2432 2435
2433 2435
2434 2435
2436 2437
2436 2438
2436 2439
2436 2440
2436 2441
2436 2442
2436 2443
2436 2444
2436 2445
2436 2446
2436 2447
2436 2448
2436 2625
2436 2626
2436 2627
2436 2628
2436 2629
2436 2630
2436 2631
2436 2632
2440 2625
2441 2626
2442 2627
2443 2628
2444 2629
2445 2630
2446 2631
2447 2632
2448 2449
2448 2450
2448 2451
2448 2452
2448 2453
2448 2454
2448 2455
2448 2456
2448 2457
2448 2458
2448 2459
2448 2460
2448 2633
2448 2634
2448 2635
2448 2636
2448 2637
2448 2638
2448 2639
2448 2640
2453 2633
2454 2634
2455 2635
2456 2636
2457 2637
2458 2638
2459 2639
2460 2640
2461 2462
2461 2472
2461 3214
2462 2463
2462 3214
2463 2464
2463 2473
2463 3214
2464 2465
2464 3214
2465 2466
2465 3214
2466 2467
2466 3214
2467 2468
2467 3214
2468 2469
2468 3214
2469 2470
2469 3214
2470 2471
2470 3214
2471 2472
2471 3214
2472 3214
2474 3214
2475 3214
2476 3214
2477 3214
2478 3214
2479 3214
2480 2483
2480 2486
2480 2487
2480 2488
2480 2489
2480 3214
2481 2484
2481 2490
2481 2491
2481 2492
2481 2493
2481 3214
2482 2485
2482 2494
2482 2495
2482 2496
2482 2497
2482 3214
2483 2486
2483 2487
2483 2488
2483 2489
2483 3214
2484 2490
2484 2491
2484 2492
2484 2493
2484 3214
2485 2494
2485 2495
2485 2496
2485 2497
2485 3214
2498 2550
2499 2551
2500 2552
2501 2553
2502 2554
2503 2555
2504 2556
2505 2557
2506 2558
2507 2559
2508 3012
2509 3012
2510 3012
2511 3012
2512 3012
2513 3012
2514 2560
2515 2561
2516 2562
2517 2563
2518 2564
2519 2565
2520 2566
2521 2567
2522 2568
2523 2569
2524 2570
2525 2571
2526 2572
2527 2573
2528 2574
2529 2575
2530 2576
2531 2577
2532 2578
2533 2579
2534 3011
2535 3011
2536 3011
2537 3011
2538 3011
2539 3011
2540 2580
2541 2581
2542 2582
2543 2583
2544 2584
2545 2585
2546 2586
2547 2587
2548 2588
2549 2589
2590 2591
2590 2592
2590 2593
2590 2596
2590 2598
2590 2600
2590 2601
2590 2602
2590 2603
2590 2604
2590 2605
2590 2606
2590 2607
2590 2608
2590 2609
2590 2610
2590 2611
2590 2612
2590 2613
2590 2614
2590 2615
2590 2616
2590 2617
2590 2618
2590 2619
2590 2620
2590 2621
2590 2622
2590 2623
2590 2661
2590 2838
2590 2927
2590 2928
2590 2929
2590 2930
2590 2931
2590 2932
2590 2933
2590 2934
2590 2935
2590 2936
2590 2937
2590 2938
2590 2939
2590 2940
2590 2941
2590 2942
2590 2943
2590 2944
2590 2945
2590 2946
2590 2947
2590 2948
2590 2949
2590 2950
2590 2951
2590 2952
2590 2953
2590 2954
2590 2955
2590 2956
2590 2957
2590 2958
2590 2959
2590 2960
2590 2961
2590 2962
2590 2963
2590 2964
2590 2965
2590 2966
2590 2967
2590 2968
2590 2969
2590 2970
2590 2971
2590 2972
2590 2973
2590 2974
2590 2975
2590 2976
2590 2977
2590 2978
2590 2979
2590 2980
2590 2981
2590 2982
2590 2983
2590 2984
2590 2985
2590 2986
2590 2987
2590 2988
2590 2989
2590 2990
2590 2991
2590 2994
2590 2995
2590 2996
2590 2997
2590 2998
2590 2999
2590 3000
2590 3001
2590 3002
2590 3003
2590 3004
2590 3005
2590 3006
2590 3007
2590 3008
2590 3009
2590 3010
2590 3215
2593 2594
2593 2595
2594 2595
2596 2597
2596 2600
2596 2601
2596 2602
2596 2603
2596 2604
2596 2605
2596 2606
2596 2607
2596 2608
2596 2609
2596 2610
2596 2611
2596 3215
2597 2600
2597 2601
2597 2602
2597 2603
2597 2604
2597 2605
2597 2606
2597 2607
2597 2608
2597 2609
2597 2610
2597 2611
2597 3215
2598 2599
2598 2612
2598 2613
2598 2614
2598 2615
2598 2616
2598 2617
2598 2618
2598 2619
2598 2620
2598 2621
2598 2622
2598 2623
2598 3215
2599 2612
2599 2613
2599 2614
2599 2615
2599 2616
2599 2617
2599 2618
2599 2619
2599 2620
2599 2621
2599 2622
2599 2623
2599 3215
2624 2625
2624 2626
2624 2627
2624 2628
2624 2629
2624 2630
2624 2631
2624 2632
2624 2633
2624 2634
2624 2635
2624 2636
2624 2637
2624 2638
2624 2639
2624 2640
2624 2641
2624 2642
2624 2643
2624 2644
2624 2645
2624 2646
2624 2647
2624 2648
2624 2649
2624 2650
2624 2651
2624 2652
2624 2653
2624 2654
2624 2655
2624 2656
2624 2657
2624 2658
2624 2659
2624 2662
2624 2883
2624 2884
2624 2885
2624 2886
2624 2887
2624 2888
2624 2889
2624 2890
2624 2891
2624 2892
2624 2893
2624 2894
2624 2895
2624 2896
2624 2897
2624 2898
2624 3216
2625 3216
2626 3216
2627 3216
2628 3216
2629 3216
2630 3216
2631 3216
2632 3216
2633 3216
2634 3216
2635 3216
2636 3216
2637 3216
2638 3216
2639 3216
2640 3216
2641 2883
2641 3216
2642 2884
2642 3216
2643 2885
2643 3216
2644 2886
2644 3216
2645 2887
2645 3216
2646 2888
2646 3216
2647 2889
2647 3216
2648 2890
2648 3216
2649 2891
2649 3216
2650 2892
2650 3216
2651 2893
2651 3216
2652 2894
2652 3216
2653 2895
2653 3216
2654 2896
2654 3216
2655 2897
2655 3216
2656 2898
2656 3216
2657 3216
2658 2660
2659 2660
2660 2819
2660 2821
2660 2822
2660 2827
2660 2828
2660 2829
2660 2830
2660 2831
2660 2832
2660 2833
2660 2834
2660 2835
2660 2836
2660 3212
2660 3217
2661 2663
2661 2707
2661 2708
2661 2709
2661 2710
2661 2711
2661 2712
2661 2713
2661 2714
2661 2715
2661 2716
2661 2717
2661 2718
2661 2719
2661 2720
2661 2721
2661 2722
2661 2723
2661 2724
2661 2725
2661 2726
2661 2727
2661 2728
2661 2729
2661 2730
2661 2731
2661 2732
2661 2733
2661 2734
2661 2735
2661 2736
2661 2737
2661 2738
2661 2739
2661 2740
2661 2741
2661 2742
2661 2743
2661 2744
2661 2745
2661 2746
2661 2747
2661 2748
2661 2749
2661 2750
2661 2751
2661 2752
2661 2753
2661 2754
2661 2838
2661 3215
2662 2663
2662 2755
2662 2756
2662 2757
2662 2758
2662 2759
2662 2760
2662 2761
2662 2762
2662 2763
2662 2764
2662 2765
2662 2766
2662 2767
2662 2768
2662 2769
2662 2770
2662 2771
2662 2772
2662 2773
2662 2774
2662 2775
2662 2776
2662 2777
2662 2778
2662 2837
2662 3215
2662 3216
2663 2664
2663 2665
2663 2666
2663 2667
2663 2668
2663 2669
2663 2670
2663 2671
2663 2672
2663 2673
2663 2674
2663 2675
2663 2676
2663 2677
2663 2678
2663 2679
2663 2680
2663 2681
2663 2682
2663 2683
2663 2684
2663 2685
2663 2686
2663 2687
2663 2688
2663 2689
2663 2690
2663 2691
2663 2692
2663 2693
2663 2694
2663 2695
2663 2696
2663 2697
2663 2698
2663 2699
2663 2700
2663 2701
2663 2702
2663 2703
2663 2704
2663 2705
2663 2706
2663 2707
2663 2708
2663 2709
2663 2710
2663 2711
2663 2712
2663 2713
2663 2714
2663 2715
2663 2716
2663 2717
2663 2718
2663 2719
2663 2720
2663 2721
2663 2722
2663 2723
2663 2724
2663 2725
2663 2726
2663 2727
2663 2728
2663 2729
2663 2730
2663 2731
2663 2732
2663 2733
2663 2734
2663 2735
2663 2736
2663 2737
2663 2738
2663 2739
2663 2740
2663 2741
2663 2742
2663 2743
2663 2744
2663 2745
2663 2746
2663 2747
2663 2748
2663 2749
2663 2750
2663 2751
2663 2752
2663 2753
2663 2754
2663 2755
2663 2756
2663 2757
2663 2758
2663 2759
2663 2760
2663 2761
2663 2762
2663 2763
2663 2764
2663 2765
2663 2766
2663 2767
2663 2768
2663 2769
2663 2770
2663 2771
2663 2772
2663 2773
2663 2774
2663 2775
2663 2776
2663 2777
2663 2778
2663 2779
2663 2780
2663 2781
2663 2782
2663 3215
2663 3216
2664 2665
2664 2666
2664 2667
2664 2668
2664 2669
2664 2670
2664 2671
2664 2672
2664 2673
2664 2674
2664 2675
2664 2676
2664 2677
2664 2678
2664 2679
2664 2680
2664 2681
2664 2682
2664 2683
2664 2684
2664 2685
2664 2686
2664 2687
2664 2688
2664 2689
2664 2690
2664 2691
2664 2692
2664 2693
2664 2694
2664 2695
2664 2696
2664 2697
2664 2698
2664 2699
2664 2700
2664 2701
2664 2702
2664 2703
2664 2704
2664 2705
2664 2706
2664 2783
2664 2784
2664 2785
2664 2786
2664 2787
2664 2788
2664 2789
2664 2790
2664 2791
2664 2792
2664 2793
2664 2794
2664 3215
2665 3215
2666 3215
2667 3215
2668 3215
2669 3215
2670 3215
2671 3215
2672 3215
2673 3215
2674 3215
2675 3215
2676 3215
2677 3215
2678 3215
2679 3215
2680 3215
2681 3215
2682 3215
2683 3215
2684 3215
2685 3215
2686 3215
2687 3215
2688 3215
2689 3215
2689 3216
2690 3215
2690 3216
2691 3215
2691 3216
2692 3215
2692 3216
2693 3215
2693 3216
2694 3215
2694 3216
2695 3215
2695 3216
2696 3215
2696 3216
2697 3215
2697 3216
2698 3215
2698 3216
2699 3215
2699 3216
2700 3215
2700 3216
2701 3215
2701 3216
2702 3215
2702 3216
2703 3215
2703 3216
2704 3215
2704 3216
2705 3215
2705 3216
2706 3215
2706 3216
2707 3215
2708 3215
2709 3215
2710 3215
2711 3215
2712 3215
2713 3215
2714 3215
2715 3215
2716 3215
2717 3215
2718 3215
2719 3215
2720 3215
2721 3215
2722 3215
2723 3215
2724 3215
2725 3215
2726 3215
2727 3215
2728 3215
2729 3215
2730 3215
2731 3215
2732 3215
2733 3215
2734 3215
2735 3215
2736 3215
2737 3215
2738 3215
2739 3215
2740 3215
2741 3215
2742 3215
2743 3215
2744 3215
2745 3215
2746 3215
2747 3215
2748 3215
2749 3215
2750 3215
2751 3215
2752 3215
2753 3215
2754 3215
2755 3215
2755 3216
2756 3215
2756 3216
2757 3215
2757 3216
2758 3215
2758 3216
2759 3215
2759 3216
2760 3215
2760 3216
2761 3215
2761 3216
2762 3215
2762 3216
2763 3215
2763 3216
2764 3215
2764 3216
2765 3215
2765 3216
2766 3215
2766 3216
2767 3215
2767 3216
2768 3215
2768 3216
2769 3215
2769 3216
2770 3215
2770 3216
2771 3215
2771 3216
2772 3215
2772 3216
2773 3215
2773 3216
2774 3215
2774 3216
2775 3215
2775 3216
2776 3215
2776 3216
2777 3215
2777 3216
2778 3215
2778 3216
2779 2781
2779 3215
2780 2782
2780 3215
2781 3215
2782 3215
2783 2795
2783 3215
2784 2796
2784 3215
2785 2797
2785 3215
2786 2798
2786 3215
2787 2799
2787 3215
2788 2800
2788 3215
2789 2801
2789 3215
2790 2802
2790 3215
2791 2803
2791 3215
2792 2804
2792 3215
2793 2805
2793 3215
2794 2806
2794 3215
2795 2807
2795 3215
2796 2808
2796 3215
2797 2809
2797 3215
2798 2810
2798 3215
2799 2811
2799 3215
2800 2812
2800 3215
2801 2813
2801 3215
2802 2814
2802 3215
2803 2815
2803 3215
2804 2816
2804 3215
2805 2817
2805 3215
2806 2818
2806 3215
2807 3215
2808 3215
2809 3215
2810 3215
2811 3215
2812 3215
2813 3215
2814 3215
2815 3215
2816 3215
2817 3215
2818 3215
2819 2820
2820 2822
2820 2913
2820 2918
2820 3212
2821 2822
2821 3212
2821 3215
2822 2823
2822 2824
2822 2825
2822 2826
2822 2827
2822 2828
2822 2829
2822 2830
2822 2831
2822 2832
2822 2833
2822 2834
2822 2835
2822 2836
2822 2837
2822 2882
2822 2883
2822 2884
2822 2885
2822 2886
2822 2887
2822 2888
2822 2889
2822 2890
2822 2891
2822 2892
2822 2893
2822 2894
2822 2895
2822 2896
2822 2897
2822 2898
2822 2899
2822 2900
2822 2901
2822 2902
2822 2903
2822 2904
2822 2905
2822 2906
2822 2907
2822 2908
2822 2909
2822 2910
2822 2911
2822 2912
2822 2913
2822 2914
2822 2915
2822 2916
2822 2917
2822 2918
2822 3111
2822 3113
2822 3212
2822 3215
2823 2824
2823 3212
2824 2825
2824 2826
2824 3148
2824 3212
2837 2839
2837 2840
2837 2841
2837 2842
2837 2843
2837 2844
2837 2845
2837 2846
2837 2847
2837 2848
2837 2849
2837 2850
2837 2851
2837 2852
2837 2853
2837 2854
2837 2855
2837 2856
2837 2857
2837 2858
2837 2859
2837 2860
2837 2861
2837 2862
2837 2863
2837 2864
2837 2865
2837 2866
2837 2867
2837 2868
2837 2869
2837 2870
2837 2871
2837 2872
2837 2873
2837 2874
2837 2875
2837 2876
2837 2877
2837 2878
2837 2879
2837 2880
2837 2881
2837 2882
2837 2883
2837 2884
2837 2885
2837 2886
2837 2887
2837 2888
2837 2889
2837 2890
2837 2891
2837 2892
2837 2893
2837 2894
2837 2895
2837 2896
2837 2897
2837 2898
2837 3215
2837 3216
2838 2839
2838 2840
2838 2841
2838 2842
2838 2843
2838 2844
2838 2845
2838 2846
2838 2847
2838 2848
2838 2849
2838 2850
2838 2851
2838 2852
2838 2853
2838 2854
2838 2855
2838 2856
2838 2857
2838 2858
2838 2859
2838 2860
2838 2861
2838 2862
2838 2863
2838 2864
2838 2865
2838 2866
2838 2867
2838 2868
2838 2869
2838 2870
2838 2871
2838 2872
2838 2873
2838 2874
2838 2875
2838 2876
2838 2877
2838 2878
2838 2879
2838 2880
2838 2881
2838 3215
2839 3215
2840 3215
2841 3215
2842 3215
2843 3215
2844 3215
2845 3215
2846 3215
2847 3215
2848 3215
2849 3215
2850 3215
2851 3215
2852 3215
2853 3215
2854 3215
2855 3215
2856 3215
2857 3215
2858 3215
2859 3215
2860 3215
2861 3215
2862 3215
2863 3215
2864 3215
2865 3215
2866 3215
2867 3215
2868 3215
2869 3215
2870 3215
2871 3215
2872 3215
2873 3215
2874 3215
2875 3215
2876 3215
2877 3215
2878 3215
2879 3215
2880 3215
2881 3215
2882 2883
2882 2884
2882 2885
2882 2886
2882 2887
2882 2888
2882 2889
2882 2890
2882 2891
2882 2892
2882 2893
2882 2894
2882 2895
2882 2896
2882 2897
2882 2898
2882 3215
2883 3216
2884 3216
2885 3216
2886 3216
2887 3216
2888 3216
2889 3216
2890 3216
2891 3216
2892 3216
2893 3216
2894 3216
2895 3216
2896 3216
2897 3216
2898 3216
2899 2900
2899 3212
2899 3215
2900 2901
2900 2902
2900 2903
2900 2904
2900 2905
2900 2906
2900 2907
2900 2908
2900 2909
2900 2910
2900 2911
2900 2912
2900 2918
2900 2919
2900 2920
2900 2921
2900 2922
2900 2923
2900 2924
2900 2925
2900 2926
2914 2916
2915 2917
2918 2919
2927 2975
2928 2976
2929 2977
2930 2978
2931 2979
2932 2980
2933 2981
2934 2982
2935 2983
2936 3012
2937 3012
2938 3012
2939 3012
2940 3012
2941 3012
2942 2984
2943 2985
2944 2986
2945 2987
2946 2988
2947 2989
2948 2990
2949 2991
2950 2992
2951 2993
2952 2994
2953 2995
2954 2996
2955 2997
2956 2998
2957 2999
2958 3000
2959 3001
2960 3011
2961 3011
2962 3011
2963 3011
2964 3011
2965 3011
2966 3002
2967 3003
2968 3004
2969 3005
2970 3006
2971 3007
2972 3008
2973 3009
2974 3010
3013 3014
3013 3015
3013 3016
3013 3017
3013 3019
3013 3020
3013 3021
3013 3022
3013 3023
3013 3024
3013 3028
3013 3030
3013 3037
3013 3038
3013 3040
3013 3043
3013 3045
3013 3047
3013 3049
3013 3051
3013 3053
3013 3055
3013 3057
3013 3059
3013 3061
3013 3063
3013 3065
3013 3067
3013 3069
3013 3071
3013 3212
3013 3217
3014 3217
3015 3217
3016 3217
3017 3018
3017 3019
3017 3020
3017 3021
3017 3212
3018 3019
3018 3020
3018 3021
3018 3212
3022 3023
3022 3212
3023 3212
3024 3025
3024 3027
3024 3028
3024 3029
3024 3031
3024 3032
3024 3033
3024 3035
3024 3036
3024 3212
3025 3026
3025 3212
3025 3217
3026 3217
3027 3028
3028 3030
3029 3030
3031 3040
3031 3212
3032 3033
3032 3212
3033 3034
3033 3040
3033 3212
3034 3040
3034 3212
3035 3036
3035 3212
3036 3212
3037 3040
3037 3212
3038 3040
3038 3212
3039 3040
3039 3212
3040 3041
3040 3042
3040 3043
3040 3044
3040 3045
3040 3046
3040 3047
3040 3048
3040 3049
3040 3050
3040 3051
3040 3052
3040 3053
3040 3054
3040 3055
3040 3056
3040 3057
3040 3058
3040 3059
3040 3060
3040 3061
3040 3062
3040 3063
3040 3064
3040 3065
3040 3066
3040 3067
3040 3068
3040 3069
3040 3070
3040 3071
3040 3072
3040 3073
3040 3074
3040 3075
3040 3076
3040 3077
3040 3078
3040 3079
3040 3080
3040 3088
3040 3089
3040 3090
3040 3092
3040 3094
3040 3095
3040 3096
3040 3097
3040 3212
3041 3212
3042 3043
3044 3045
3046 3047
3048 3049
3050 3051
3052 3053
3054 3055
3056 3057
3058 3059
3060 3061
3062 3063
3064 3065
3066 3067
3068 3069
3070 3071
3078 3212
3079 3080
3079 3212
3080 3081
3080 3082
3080 3086
3080 3087
3080 3088
3080 3212
3081 3212
3082 3083
3082 3212
3083 3084
3083 3212
3084 3085
3084 3212
3085 3212
3086 3212
3087 3088
3087 3212
3088 3212
3089 3090
3090 3091
3090 3092
3091 3092
3091 3093
3091 3212
3092 3094
3092 3212
3093 3094
3093 3212
3094 3095
3094 3212
3095 3096
3095 3212
3096 3097
3096 3212
3098 3099
3098 3100
3098 3217
3099 3100
3100 3101
3100 3217
3101 3217
3102 3103
3102 3104
3102 3105
3102 3110
3102 3217
3103 3104
3104 3217
3105 3106
3105 3107
3105 3108
3105 3109
3105 3111
3110 3217
3111 3112
3111 3113
3111 3114
3111 3118
3111 3212
3112 3113
3112 3212
3113 3212
3114 3115
3114 3116
3114 3117
3115 3116
3115 3117
3118 3119
3118 3120
3118 3121
3119 3120
3119 3121
3122 3124
3122 3212
3123 3212
3124 3125
3126 3127
3126 3212
3127 3128
3127 3129
3127 3130
3127 3212
3128 3129
3129 3212
3131 3132
3131 3133
3131 3134
3131 3135
3131 3136
3131 3148
3136 3137
3136 3138
3136 3141
3136 3142
3136 3143
3136 3212
3137 3212
3138 3139
3138 3140
3139 3140
3141 3142
3141 3212
3142 3212
3143 3144
3143 3145
3144 3145
3144 3146
3145 3146
3145 3147
3148 3149
3148 3150
3148 3212
3149 3212
3150 3151
3150 3152
3150 3175
3150 3212
3151 3212
3152 3153
3152 3154
3152 3157
3152 3212
3153 3157
3154 3155
3154 3156
3155 3156
3157 3158
3157 3159
3157 3160
3157 3161
3157 3163
3157 3212
3158 3161
3158 3212
3159 3160
3161 3162
3161 3212
3162 3212
3163 3164
3163 3212
3164 3165
3164 3169
3164 3170
3164 3212
3165 3166
3165 3168
3166 3167
3166 3168
3167 3168
3169 3170
3169 3212
3170 3171
3170 3172
3170 3212
3171 3172
3173 3174
3173 3212
3174 3175
3174 3212
3175 3212
3176 3177
3176 3212
3177 3178
3177 3212
3178 3212
3179 3180
3179 3181
3179 3182
3179 3183
3179 3184
3179 3217
3180 3181
3180 3182
3180 3183
3180 3184
3180 3185
3180 3217
3181 3185
3181 3186
3182 3185
3182 3186
3183 3185
3183 3186
3184 3185
3184 3186
3185 3186
3185 3217
3186 3187
3186 3217
3187 3188
3187 3217
3188 3189
3188 3217
3189 3190
3189 3191
3189 3192
3189 3193
3189 3194
3189 3217
3194 3217
3195 3196
3195 3197
3195 3198
3195 3199
3195 3200
3195 3217
3196 3197
3196 3198
3196 3199
3196 3200
3196 3217
3197 3201
3197 3202
3198 3201
3198 3202
3199 3201
3199 3202
3200 3201
3200 3202
3201 3202
3201 3217
3202 3203
3202 3217
3203 3204
3203 3217
3204 3205
3204 3217
3205 3206
3205 3207
3205 3208
3205 3209
3205 3210
3205 3217
3210 3217
3211 3217
3212 3217
3213 3214
3214 3215
3214 3217
3215 3216