1 2
1 3
1 4
1 14
1 45
1 47
2 1
2 3
2 11
2 12
2 13
2 14
2 45
2 46
2 47
2 48
2 51
3 1
3 2
3 4
3 5
3 6
3 7
3 8
3 9
3 11
3 14
4 3
4 5
4 6
4 7
4 10
5 3
5 4
5 25
5 38
5 39
5 42
5 43
6 3
6 4
6 5
6 7
7 3
7 4
7 6
7 8
7 9
8 2
8 3
8 4
8 7
8 9
8 10
8 11
8 13
8 14
8 31
8 32
8 33
8 34
8 35
8 46
9 2
9 3
9 4
9 7
9 8
9 10
9 11
9 13
9 14
9 31
9 32
9 33
9 34
9 35
9 46
10 3
10 4
10 5
10 8
10 9
11 1
11 2
11 3
11 8
11 9
11 12
12 1
12 2
12 11
12 13
12 14
12 46
12 47
12 48
13 8
13 9
13 12
13 14
13 45
13 46
13 47
13 48
13 49
13 53
13 54
14 1
14 5
14 8
14 9
14 12
14 13
14 31
14 32
14 33
14 34
14 35
14 44
14 47
15 16
15 17
15 19
15 21
15 34
15 49
15 50
15 54
16 15
16 17
16 18
16 19
16 21
16 24
16 34
16 36
16 38
16 40
16 44
16 45
16 47
16 48
16 49
16 50
16 51
16 52
16 54
17 15
17 16
17 18
17 21
17 23
17 38
17 54
18 16
18 44
18 45
18 47
18 48
19 15
19 16
19 49
19 50
19 53
19 54
20 17
20 21
20 22
20 23
20 24
20 28
20 30
20 36
20 37
20 45
20 47
21 15
21 16
21 17
21 19
21 20
21 22
21 23
21 24
22 20
22 21
22 23
22 24
22 26
22 34
22 45
22 47
23 17
23 20
23 21
23 22
23 24
23 25
23 30
23 36
23 38
23 47
23 54
24 15
24 16
24 20
24 21
24 22
24 23
24 26
24 28
24 30
24 45
24 47
24 51
24 52
24 54
25 5
25 23
25 29
25 36
25 37
25 38
26 22
26 24
26 27
26 28
26 29
26 30
26 45
26 47
27 25
27 26
27 28
27 29
27 30
27 38
27 44
27 45
27 47
27 48
27 52
28 20
28 22
28 26
28 29
28 30
29 25
29 26
29 27
29 28
29 30
30 23
30 24
30 26
30 27
30 28
30 29
31 2
31 8
31 9
31 13
31 14
31 32
31 33
31 34
31 35
31 36
31 37
32 14
32 31
32 33
32 34
32 36
33 2
33 8
33 9
33 13
33 14
33 31
33 32
33 34
33 35
33 36
33 45
33 47
33 48
33 49
33 53
34 1
34 2
34 3
34 8
34 9
34 13
34 14
34 16
34 31
34 32
34 33
34 35
34 36
34 37
34 39
34 45
34 47
34 48
34 49
35 1
35 2
35 3
35 14
35 31
35 33
35 34
36 14
36 16
36 23
36 31
36 32
36 33
36 34
36 37
36 39
36 44
37 31
37 34
37 36
37 38
38 4
38 5
38 10
38 14
38 16
38 17
38 18
38 23
38 25
38 27
38 36
38 39
38 40
38 41
38 42
38 44
38 45
38 47
38 48
38 52
39 1
39 14
39 16
39 34
39 38
39 40
39 41
39 43
39 44
39 45
39 47
39 48
39 49
39 51
39 52
39 53
40 16
40 18
40 34
40 38
40 41
40 43
40 44
40 45
40 48
41 39
41 44
41 45
42 5
42 10
42 25
42 36
42 38
42 44
43 13
43 39
43 44
43 45
43 51
43 52
43 54
44 2
44 14
44 16
44 18
44 27
44 38
44 39
44 40
44 41
44 42
44 43
44 45
44 47
44 48
44 49
44 52
45 1
45 2
45 13
45 14
45 16
45 18
45 19
45 24
45 26
45 27
45 33
45 34
45 39
45 40
45 41
45 44
45 47
45 48
45 49
45 53
45 54
46 2
46 9
46 12
46 13
46 45
46 47
46 49
46 51
46 53
46 54
47 1
47 2
47 13
47 14
47 16
47 24
47 26
47 27
47 34
47 40
47 41
47 43
47 44
47 45
47 48
47 49
47 50
47 51
47 52
47 53
47 54
48 2
48 14
48 27
48 39
48 41
48 44
48 45
48 47
48 49
48 51
48 52
48 53
48 54
49 13
49 14
49 19
49 33
49 34
49 39
49 45
49 46
49 47
49 48
49 51
49 52
49 53
49 54
50 15
50 16
50 19
50 39
50 47
50 51
50 53
50 54
51 1
51 2
51 13
51 14
51 15
51 16
51 24
51 26
51 27
51 33
51 34
51 39
51 43
51 44
51 45
51 46
51 47
51 48
51 49
51 50
51 52
51 53
51 54
52 5
52 12
52 13
52 14
52 16
52 22
52 24
52 27
52 39
52 43
52 44
52 45
52 47
52 48
52 49
52 51
52 54
53 13
53 14
53 16
53 19
53 33
53 34
53 39
53 40
53 45
53 46
53 47
53 48
53 49
53 54
54 1
54 2
54 13
54 14
54 15
54 19
54 24
54 26
54 27
54 33
54 39
54 43
54 45
54 46
54 47
54 48
54 49
54 50
54 51
54 52
54 53